<?xml version="1.0" encoding="UTF-8" standalone="no"?>
<svg
   xmlns:dc="http://purl.org/dc/elements/1.1/"
   xmlns:cc="http://creativecommons.org/ns#"
   xmlns:rdf="http://www.w3.org/1999/02/22-rdf-syntax-ns#"
   xmlns:svg="http://www.w3.org/2000/svg"
   xmlns="http://www.w3.org/2000/svg"
   xmlns:sodipodi="http://sodipodi.sourceforge.net/DTD/sodipodi-0.dtd"
   xmlns:inkscape="http://www.inkscape.org/namespaces/inkscape"
   height="1416pt"
   viewBox="0 0 1198.6666 1888"
   width="899pt"
   version="1.1"
   id="svg44"
   sodipodi:docname="Extras-bird.svg"
   inkscape:version="0.92.2 5c3e80d, 2017-08-06">
  <metadata
     id="metadata50">
    <rdf:RDF>
      <cc:Work
         rdf:about="">
        <dc:format>image/svg+xml</dc:format>
        <dc:type
           rdf:resource="http://purl.org/dc/dcmitype/StillImage" />
        <dc:title></dc:title>
      </cc:Work>
    </rdf:RDF>
  </metadata>
  <defs
     id="defs48" />
  <sodipodi:namedview
     pagecolor="#ffffff"
     bordercolor="#666666"
     borderopacity="1"
     objecttolerance="10"
     gridtolerance="10"
     guidetolerance="10"
     inkscape:pageopacity="0"
     inkscape:pageshadow="2"
     inkscape:window-width="2569"
     inkscape:window-height="1397"
     id="namedview46"
     showgrid="false"
     inkscape:pagecheckerboard="false"
     inkscape:zoom="0.24444902"
     inkscape:cx="214.0565"
     inkscape:cy="854.82804"
     inkscape:window-x="0"
     inkscape:window-y="1"
     inkscape:window-maximized="0"
     inkscape:current-layer="svg44" />
  <g
     id="g69"
     transform="matrix(0.89750263,0.11336453,-0.03002189,0.93447331,-26.571561,352.70548)">
    <path
       style="fill:#607d8b"
       inkscape:connector-curvature="0"
       id="path2"
       d="m 405.27419,999.81091 c -15.01172,7.92969 -30.75781,14.39059 -47.01953,19.28519 h -0.082 c 0.67968,-1.3672 -3.23438,-8.7383 -2.72266,-10.1875 2.89844,-7.7657 -5.97656,-16.70316 -5.07812,-24.80863 0.59765,-6.05859 9.14843,-6.125 8.80468,-12.52734 -0.0859,-1.36329 4.17578,-7.03907 4.00391,-8.40625 14.30469,8.30859 27.09766,18.98437 37.82812,31.57421 l 0.42579,0.42579 c 1.36718,1.48828 2.64453,3.10937 3.83984,4.64453 z m 0,0" />
    <path
       style="fill:#37474f"
       inkscape:connector-curvature="0"
       id="path4"
       d="m 416.11403,970.88122 v 28.92969 c 0.0117,2.02339 -1.26562,3.83199 -3.18359,4.48829 -1.91406,0.6601 -4.03516,0.019 -5.26563,-1.5859 -0.76953,-0.9415 -1.53515,-1.9649 -2.39062,-2.90239 -1.19531,-1.53516 -2.47266,-3.15625 -3.83984,-4.60938 l -0.42579,-0.42578 c -3.24218,-3.64062 -6.75,-7.03516 -10.49609,-10.15625 -7.71875,-6.54297 -16.19922,-12.12891 -25.25781,-16.64062 -0.85547,-8.19141 -11.09375,-9.30079 -14.84766,-16.38282 -0.25781,-0.59765 7.76563,-8.36328 7.42188,-8.96093 h 30.03906 c 7.49219,-0.004 14.67969,2.97265 19.97656,8.26953 5.29688,5.29687 8.27344,12.48437 8.26953,19.97656 z m 0,0" />
    <path
       style="fill:#607d8b"
       inkscape:connector-curvature="0"
       id="path6"
       d="m 390.51247,970.88122 v 13.73828 c -7.71875,-6.54297 -16.19922,-12.12891 -25.25781,-16.64062 -0.85547,-8.19141 -11.09375,-9.30079 -14.84766,-16.38282 -0.25781,-0.59765 7.76563,-8.36328 7.42188,-8.96093 h 4.4375 c 7.49218,-0.004 14.67968,2.97265 19.97656,8.26953 5.30078,5.29687 8.27344,12.48437 8.26953,19.97656 z m 0,0" />
    <path
       style="fill:#cfd8dc"
       inkscape:connector-curvature="0"
       id="path8"
       d="m 365.5945,971.99059 c -0.0859,-1.36328 -0.17187,-2.64453 -0.33984,-4.01171 -0.65235,-8.16016 -2.85547,-16.125 -6.48828,-23.46485 -0.27735,-0.64062 -0.58985,-1.26953 -0.9375,-1.8789 l -0.76563,-1.27735 c -0.90625,-1.52734 -1.96484,-2.95703 -3.16015,-4.26953 -18.17579,5.46484 -44.82422,4.96875 -60.09766,16.57422 -11.89063,11.53125 -19.32422,26.89453 -20.98438,43.375 -0.51171,13.73823 17.59375,18.47263 26.21485,28.16013 18.42969,-10.582 27.73047,-4.6094 36.60547,12.8008 9.71875,-3.0469 17.82031,-9.832 22.53125,-18.8594 0.68359,-1.3554 1.28125,-2.7539 1.78906,-4.1836 2.74219,-7.7695 4.49219,-15.85543 5.20703,-24.06246 0.61719,-6.28125 0.75781,-12.59766 0.42578,-18.90235 z m 0,0" />
    <path
       style="fill:#fec108"
       inkscape:connector-curvature="0"
       id="path10"
       d="m 282.48122,992.04528 c -0.51172,13.73832 7.93359,23.46482 16.55469,33.10942 -11.77735,6.7421 1.77344,61.5859 -19.81641,83.1757 -20.22265,20.2227 -72.25781,8.8985 -94.27344,40.8125 3.63672,-57.6757 21.36329,-113.582 51.625,-162.81637 1.19532,-1.70703 2.30469,-3.41406 3.5,-5.11719 2.38672,-3.32812 4.77735,-6.65625 7.33594,-9.8164 14.32422,-19.38281 34.02735,-34.13281 56.66406,-42.41016 16.63672,-5.28906 37.88672,-5.80078 49.83204,8.10547 -18.5586,4.69531 -36.12891,12.67188 -51.88282,23.55469 -11.0039,6.89844 -18.21093,18.48437 -19.53906,31.40234 z m 0,0" />
    <path
       style="fill:#3f51b5"
       inkscape:connector-curvature="0"
       id="path16"
       d="m 202.9656,1251.7914 c -6.03125,16.1093 -10.74219,47.6679 0.0937,107.2031 18.84375,103.6211 28.2539,47.0977 28.2539,37.6758 0,-9.0391 8.76563,-114.2617 43.05078,-189.3477 h -51.30859 z m 0,0" />
    <path
       style="fill:#0377bc"
       inkscape:connector-curvature="0"
       id="path18"
       d="m 259.61013,1217.6664 c -49.78907,32.7383 -103.04688,59.8711 -158.80469,80.8945 -1.667969,0.6563 -3.570313,0.1758 -4.726563,-1.1953 -1.160156,-1.3711 -1.316406,-3.3242 -0.394531,-4.8633 0.683594,-1.2773 1.535157,-2.6445 2.390625,-4.1797 15.105469,-26.4531 49.749999,-85.4179 86.871089,-139.1797 19.38282,-29.1757 41.19141,-56.664 65.19141,-82.1757 14.44922,-15.6368 30.65625,-29.5547 48.30078,-41.4727 0.20703,-0.094 0.41016,-0.207 0.59766,-0.3398 18.42969,-10.5821 27.73047,-4.6094 36.60547,12.8007 2.90234,5.461 5.63281,12.0313 8.70703,19.625 18.85547,47.1055 0,103.5938 -84.73828,160.086 z m 0,0" />
    <path
       style="fill:#02a9f4"
       inkscape:connector-curvature="0"
       id="path20"
       d="m 230.85231,1217.6664 c -41.97265,27.6172 -86.42187,51.2695 -132.777339,70.6562 15.105469,-26.4531 49.749999,-85.4179 86.871089,-139.1797 19.38282,-29.1757 41.19141,-56.664 65.19141,-82.1757 14.44922,-15.6368 30.65625,-29.5547 48.30078,-41.4727 3.44531,3.6914 6.29297,7.8945 8.44531,12.4609 2.90235,5.461 5.63282,12.0313 8.70704,19.625 18.85937,47.1055 0,103.5938 -84.73829,160.086 z m 0,0" />
    <path
       inkscape:connector-curvature="0"
       id="path22"
       d="m 99.270284,1307.4125 c -4.558594,-0.023 -8.757813,-2.4688 -11.027344,-6.418 -2.273437,-3.9492 -2.277344,-8.8086 -0.0078,-12.7578 22.1875,-38.9649 99.0625,-170.5117 155.89453,-227.336 40.10937,-40.1054 59.25,-52.5234 75.80469,-49.1015 15.5039,3.1836 23.18359,19.625 32.35546,42.539 30.72266,76.8008 -41.94921,139.7266 -87.97656,170.418 -50.34375,33.0781 -104.17578,60.5195 -160.51953,81.8281 -1.44922,0.543 -2.98047,0.8243 -4.523433,0.8282 z M 314.83669,1028.389 c -12.38672,0 -37.67188,23.6446 -58.64063,44.6133 -51.07031,51.0625 -119.64453,165.6641 -147.14062,213.2813 51.05078,-20.1914 99.89844,-45.5586 145.77734,-75.6993 73.10547,-48.7421 101.31641,-100.5664 81.58594,-149.8789 -6.44141,-16.1132 -12.80078,-30.7226 -19.93359,-32.164 -0.54297,-0.1016 -1.09375,-0.1563 -1.64844,-0.1524 z m 0,0" />
    <path
       inkscape:connector-curvature="0"
       id="path24"
       d="m 222.73903,1429.0375 c -10.35937,0 -17.76562,-11.8282 -28.07422,-68.5391 -11.23046,-61.6445 -6.02734,-94.7812 0.30469,-111.7109 1.01953,-2.9219 3.53906,-5.0586 6.58594,-5.5938 3.04687,-0.5312 6.14453,0.625 8.09375,3.0274 1.94922,2.3984 2.44922,5.6679 1.30469,8.539 -5.58203,14.9336 -10.02735,44.8594 0.49609,102.6836 2.51172,15.4961 6.05859,30.8047 10.61328,45.832 0.41016,-2.1875 0.65235,-4.4023 0.72656,-6.621 0,-11.5118 9.25,-117.2071 43.81641,-192.8555 1.99609,-4.2227 7.01563,-6.0547 11.26172,-4.1133 4.25,1.9375 6.14844,6.9336 4.26172,11.2031 -33.07422,72.4258 -42.27344,176.3008 -42.27344,185.7969 0,0.3086 -0.42578,30.9414 -15.76953,32.3242 -0.45313,0.027 -0.90625,0.027 -1.34766,0.027 z m 0,0" />
    <path
       inkscape:connector-curvature="0"
       id="path26"
       d="m 184.97731,1157.6781 h -0.60546 c -4.69922,-0.332 -8.24219,-4.4141 -7.91016,-9.1133 3.67187,-59.0976 21.83984,-116.3789 52.90625,-166.78514 1.27344,-1.91016 2.45703,-3.69532 3.75391,-5.48047 2.375,-3.41016 4.92578,-6.82422 7.58593,-10.23828 15.42578,-20.64844 36.52344,-36.35938 60.72657,-45.22657 21.44921,-6.82812 49.26953,-6.13671 62.89062,16.1211 0.81641,1.29297 1.54297,2.64453 2.17578,4.04297 4.64453,9.52343 7.21094,19.92578 7.52344,30.51562 0.38281,6.71485 0.25391,13.44922 -0.39063,20.14844 -0.80468,8.91793 -2.70703,17.70313 -5.66796,26.15233 -4.67969,13.8164 -15.7461,24.5156 -29.71094,28.7305 -2.9336,0.8281 -6.08985,0.027 -8.27344,-2.0977 -2.18359,-2.1289 -3.06641,-5.2578 -2.31641,-8.2148 0.75,-2.9531 3.01954,-5.2852 5.95704,-6.1133 8.71093,-2.7031 15.55468,-9.4961 18.32031,-18.1914 2.46875,-7.0977 4.05078,-14.47266 4.71094,-21.95704 0.55078,-5.80078 0.66406,-11.63281 0.33984,-17.44922 -0.24219,-8.33984 -2.22656,-16.53125 -5.82813,-24.05859 -0.38671,-0.85937 -0.83593,-1.69141 -1.33984,-2.48828 -10.99219,-17.98828 -37.97266,-10.55078 -43.24609,-8.86719 -20.94922,7.85156 -39.1836,21.58985 -52.50782,39.5586 -2.44921,3.07421 -4.77734,6.22265 -7.03125,9.45703 -1.24609,1.70703 -2.32031,3.33593 -3.41015,4.9414 -29.48047,47.96879 -46.70313,102.45309 -50.15235,158.64839 -0.30078,4.4766 -4.01562,7.9571 -8.5,7.9649 z m 0,0" />
    <path
       inkscape:connector-curvature="0"
       id="path28"
       d="m 334.93435,1241.3031 h -65.9375 c -4.71094,0 -8.53125,-3.8203 -8.53125,-8.5313 0,-4.7148 3.82031,-8.5351 8.53125,-8.5351 h 51.54296 c -8.24218,-10.168 -18.99218,-18.0117 -31.1914,-22.7578 -2.89453,-0.9649 -5.0586,-3.4024 -5.66797,-6.3946 -0.61328,-2.9882 0.41406,-6.0781 2.69922,-8.1054 2.28515,-2.0235 5.47656,-2.6797 8.37109,-1.7149 15.57422,5.1875 40.83985,22.5196 48.26563,44.7852 0.875,2.6015 0.44531,5.4687 -1.15625,7.6992 -1.60157,2.2305 -4.17969,3.5547 -6.92578,3.5547 z m 0,0" />
    <path
       inkscape:connector-curvature="0"
       id="path30"
       d="m 411.38356,1013.0882 c -4.12109,0 -8.0039,-1.9257 -10.5039,-5.207 l -1.07422,-1.3476 c -1.50391,-1.8868 -2.98828,-3.7618 -4.61719,-5.5274 -9.30469,-10.59764 -20.61328,-19.24217 -33.28125,-25.43748 -2.74219,-1.33984 -4.5664,-4.03906 -4.77734,-7.08203 -0.21485,-3.04688 1.21094,-5.97266 3.74219,-7.67969 2.52734,-1.70703 5.77734,-1.9375 8.51953,-0.60156 14.4414,7.03515 27.35156,16.85156 37.98437,28.89453 l 0.20313,0.20703 v -18.42578 c -0.008,-10.88281 -8.82813,-19.70313 -19.71094,-19.71094 h -30.03906 c -4.71094,0 -8.53125,-3.82031 -8.53125,-8.53515 0,-4.71094 3.82031,-8.53125 8.53125,-8.53125 h 30.03906 c 20.30078,0.0273 36.75,16.47656 36.77734,36.77734 v 28.92969 c -0.004,7.32419 -5.9375,13.26169 -13.26172,13.27729 z m 2.86719,-15.83979 0.0703,0.0859 z m 0,0" />
    <path
       inkscape:connector-curvature="0"
       id="path32"
       d="m 358.25466,1027.6273 c -4.46485,0.059 -8.22266,-3.3398 -8.60938,-7.793 -0.38672,-4.4492 2.72266,-8.4453 7.13282,-9.1601 15.47656,-4.6719 30.44921,-10.87111 44.69921,-18.50001 2.73047,-1.35938 5.97657,-1.15625 8.51954,0.52734 2.53906,1.6836 3.98828,4.59766 3.80078,7.64067 -0.1875,3.0429 -1.98828,5.7539 -4.71875,7.1132 -15.54688,8.3555 -31.9375,15.043 -48.89453,19.9532 -0.63282,0.1445 -1.27735,0.2187 -1.92969,0.2187 z m 0,0" />
    <path
       inkscape:connector-curvature="0"
       id="path34"
       d="m 339.31325,985.30309 c 0,4.71485 -3.82031,8.53516 -8.53515,8.53516 -4.71094,0 -8.53125,-3.82031 -8.53125,-8.53516 0,-4.71093 3.82031,-8.53125 8.53125,-8.53125 4.71484,0 8.53515,3.82032 8.53515,8.53125 z m 0,0" />
    <path
       inkscape:connector-curvature="0"
       id="path36"
       d="m 178.032,1273.3031 h -0.0859 c -4.70312,-0.023 -8.5,-3.8516 -8.48828,-8.5547 0.0117,-4.7031 3.82813,-8.5117 8.53125,-8.5117 4.70313,0 8.52344,3.8086 8.53516,8.5117 0.0117,4.7031 -3.78906,8.5313 -8.49219,8.5547 z m 0,0" />
    <path
       inkscape:connector-curvature="0"
       id="path42"
       d="m 299.03591,1033.6859 c -2.42969,0 -4.74219,-1.0391 -6.35938,-2.8477 -8.625,-9.6367 -19.34375,-21.6406 -18.72265,-39.13667 1.22656,-15.53515 9.70703,-29.58594 22.88672,-37.90234 16.57421,-11.48828 35.07031,-19.91406 54.61328,-24.88281 4.51562,-1.35938 9.27734,1.19531 10.63672,5.71093 1.35937,4.51563 -1.19532,9.27735 -5.71094,10.63672 -17.58985,4.41406 -34.25781,11.90235 -49.23828,22.1211 -8.97657,5.3164 -14.94922,14.53125 -16.13672,24.89843 -0.33203,9.91404 5.46875,17.20314 14.38672,27.15234 2.24609,2.5078 2.80859,6.1016 1.43359,9.1758 -1.375,3.0703 -4.42578,5.0508 -7.78906,5.0508 z m 0,0" />
  </g>
</svg>
