<?xml version="1.0" encoding="UTF-8" standalone="no"?>
<!-- Created with Inkscape (http://www.inkscape.org/) -->

<svg
   xmlns:dc="http://purl.org/dc/elements/1.1/"
   xmlns:cc="http://creativecommons.org/ns#"
   xmlns:rdf="http://www.w3.org/1999/02/22-rdf-syntax-ns#"
   xmlns:svg="http://www.w3.org/2000/svg"
   xmlns="http://www.w3.org/2000/svg"
   xmlns:sodipodi="http://sodipodi.sourceforge.net/DTD/sodipodi-0.dtd"
   xmlns:inkscape="http://www.inkscape.org/namespaces/inkscape"
   width="210mm"
   height="297mm"
   viewBox="0 0 210 297"
   version="1.1"
   id="svg8"
   inkscape:version="0.92.2 5c3e80d, 2017-08-06"
   sodipodi:docname="Masks-marshmellow.svg">
  <defs
     id="defs2" />
  <sodipodi:namedview
     id="base"
     pagecolor="#ffffff"
     bordercolor="#666666"
     borderopacity="1.0"
     inkscape:pageopacity="0.0"
     inkscape:pageshadow="2"
     inkscape:zoom="1.28"
     inkscape:cx="294.32773"
     inkscape:cy="650.97111"
     inkscape:document-units="mm"
     inkscape:current-layer="layer1"
     showgrid="false"
     inkscape:snap-nodes="true"
     inkscape:measure-start="0,0"
     inkscape:measure-end="0,0"
     showguides="true"
     inkscape:guide-bbox="true"
     inkscape:window-width="2560"
     inkscape:window-height="1396"
     inkscape:window-x="0"
     inkscape:window-y="1"
     inkscape:window-maximized="0" />
  <metadata
     id="metadata5">
    <rdf:RDF>
      <cc:Work
         rdf:about="">
        <dc:format>image/svg+xml</dc:format>
        <dc:type
           rdf:resource="http://purl.org/dc/dcmitype/StillImage" />
        <dc:title />
      </cc:Work>
    </rdf:RDF>
  </metadata>
  <g
     inkscape:label="Layer 1"
     inkscape:groupmode="layer"
     id="layer1"
     style="display:inline">
    <rect
       style="opacity:0.86000001;fill:#000000;fill-opacity:0;stroke:none;stroke-width:3.27100015;stroke-miterlimit:4;stroke-dasharray:none;stroke-opacity:1"
       id="rect973"
       width="157.2381"
       height="230.1875"
       x="-309.18451"
       y="-43.17857" />
    <g
       id="g29"
       transform="translate(1.0583333,14.287503)">
      <path
         sodipodi:nodetypes="ccccccccccccccccccccccccccccc"
         inkscape:connector-curvature="0"
         id="rect983"
         d="m 97.648425,24.464116 c -1.67681,0.0063 -3.232616,0.04508 -4.6245,0.119908 -23.099376,1.241798 -42.177233,6.337796 -52.13843,13.927274 -5.6792,4.327086 -6.52373,6.419608 -6.696934,16.610993 -0.261712,15.395209 -0.320728,114.748289 -0.06984,117.309769 0.3737,3.81631 5.315744,9.36712 11.235523,12.62126 l 5.005858,2.75171 -0.150195,0.13598 12.797417,4.26601 c 4.262642,0.93066 11.050394,2.24925 13.22575,2.53229 0.474179,0.0617 0.854148,0.1299 1.176214,0.21077 l 21.82576,1.54582 c 6.392452,-0.001 13.149192,-0.27076 18.550542,-0.77631 l 20.71074,-3.18251 c 0.56751,-0.2581 1.40515,-0.51186 2.37591,-0.6972 7.61697,-1.45447 20.87589,-8.54153 24.22454,-12.94885 0.4265,-0.56136 0.83445,-0.97995 1.28191,-1.26336 l 1.87836,-4.36923 0.0773,-17.53256 c 0.0476,-10.77532 0.0984,-39.60959 0.11249,-64.076092 0.0249,-42.658437 -0.0371,-44.603182 -1.49824,-47.390314 -3.36816,-6.424587 -15.41443,-12.715552 -31.24535,-16.318021 -4.95153,-1.126786 -12.83774,-2.116172 -20.87763,-2.748617 v 6.33e-4 C 108.7957,24.719131 102.67885,24.445045 97.648425,24.46413 Z M 109.08421,197.05774 c -0.40919,0.0166 -0.80958,0.035 -1.22134,0.0495 l 0.61191,0.0439 z"
         style="opacity:1;fill:#ececec;fill-opacity:1;stroke:none;stroke-width:3.91232705;stroke-miterlimit:4;stroke-dasharray:none;stroke-opacity:1" />
      <path
         style="fill:#000000;fill-opacity:1;stroke-width:0.73436028"
         d="m 97.507557,24.135138 c -1.680603,0.0063 -3.239924,0.04519 -4.634967,0.12018 -23.151745,1.244615 -42.272897,6.352176 -52.256698,13.958878 -5.692089,4.336904 -6.538534,6.434174 -6.712128,16.648685 -0.262305,15.430142 -0.321465,115.008679 -0.07001,117.575959 0.374547,3.82497 5.327804,9.38838 11.261015,12.64992 l 5.017224,2.75794 -0.15053,0.13629 12.826438,4.27569 c 4.272315,0.93277 11.075479,2.25434 13.25577,2.53801 0.475255,0.0618 0.856082,0.13019 1.178879,0.21125 l 21.875198,1.54934 c 6.406962,-0.001 13.179032,-0.27138 18.592632,-0.77809 l 20.75774,-3.18971 c 0.5688,-0.25869 1.40834,-0.51303 2.3813,-0.69878 7.63426,-1.45778 20.92325,-8.56092 24.27951,-12.97823 0.42746,-0.56264 0.83634,-0.98218 1.28482,-1.26623 l 1.88261,-4.37915 0.0774,-17.57234 c 0.0477,-10.79977 0.0986,-39.69947 0.1128,-64.221485 0.0249,-42.755238 -0.0372,-44.704394 -1.50163,-47.49785 -3.37584,-6.439165 -15.44946,-12.744407 -31.31629,-16.355049 -4.96276,-1.129343 -12.86688,-2.120974 -20.925,-2.754855 v 6.2e-4 C 108.68011,24.390717 102.5494,24.116007 97.507576,24.135138 Z m 3.080073,1.978017 c 5.03984,-0.0068 10.0694,0.190817 14.97853,0.586653 19.80159,1.596653 37.64317,6.41632 46.29357,14.038793 4.6402,4.088819 5.89868,9.36015 3.26408,13.677011 -5.55893,9.10851 -27.09295,16.363371 -53.2033,17.924827 C 68.211655,74.954334 30.022346,61.524477 36.47277,45.809094 37.880435,42.37948 44.788505,36.988864 51.215301,34.303379 64.45756,28.769985 82.588245,26.137413 100.58763,26.113155 Z M 43.564012,41.92182 c -0.11688,-0.03234 -0.380887,0.07836 -0.779937,0.289918 -3.305068,1.752451 -5.089222,6.203738 -3.716261,9.272466 0.965579,2.158225 1.276064,1.838795 1.015317,-1.045072 -0.17622,-1.948768 0.296302,-3.32694 1.983596,-5.789095 1.298228,-1.89436 1.754232,-2.657111 1.497285,-2.728217 z m -7.758423,14.356587 c 0.223357,-0.04333 1.12328,0.70861 2.175639,1.841112 4.437686,4.775722 13.843148,9.245032 26.399394,12.544592 9.688385,2.54581 38.617088,4.581645 49.986838,3.51744 23.36371,-2.186816 39.48313,-7.015054 48.27159,-14.458183 2.21669,-1.877347 3.28518,-2.693688 3.75224,-2.713349 0.28025,-0.01163 0.34408,0.262342 0.31035,0.768164 -0.0582,0.871842 -0.11305,15.49937 -0.1208,32.505042 -0.008,17.005675 -0.025,36.219205 -0.0378,42.696835 -0.0139,6.47763 -0.0169,18.04564 -0.008,25.70618 0.0139,12.37103 -0.1334,14.23366 -1.3127,16.66666 -4.47333,9.22936 -26.5005,16.94444 -53.07942,18.59016 -10.38984,0.6433 -28.837735,-0.16788 -37.765009,-1.66022 -14.251918,-2.38239 -26.883616,-7.04529 -33.573664,-12.3953 -5.468887,-4.3734 -5.174049,-0.64009 -5.130592,-64.96239 0.02218,-31.899319 0.05742,-58.259089 0.07996,-58.57798 0.0024,-0.03986 0.02074,-0.06259 0.05263,-0.06877 z m 128.341911,6.279729 -3.85258,2.460599 c -4.01474,2.563606 -4.1663,3.719473 -0.26823,2.041205 2.03375,-0.875478 2.28933,-0.855666 2.61113,0.200714 0.1965,0.64438 0.3008,1.968287 0.23168,2.942558 -0.069,0.974269 0.23983,1.797132 0.68578,1.828724 0.44596,0.03159 0.64778,-0.478436 0.4485,-1.133042 -0.19927,-0.6546 -0.24892,-2.799306 -0.10969,-4.765706 z m -20.43931,36.06957 c -1.68684,-0.0096 -3.97892,1.405304 -7.75287,4.502424 l -5.69556,4.67525 -4.93916,-2.90352 c -2.71687,-1.59716 -6.27823,-3.18172 -7.91269,-3.51992 -2.52208,-0.52188 -3.27751,-0.34883 -4.99244,1.13923 -2.83423,2.45936 -2.90883,5.71486 -0.23851,10.37886 3.82749,6.68528 3.98495,7.06437 3.41833,8.27696 -0.30826,0.65974 -2.0779,1.72653 -3.93125,2.37016 -4.64007,1.61138 -6.07432,4.14631 -7.02436,12.41016 -0.67244,5.84958 -0.58953,6.94426 0.76011,9.9539 1.04386,2.32783 2.49264,3.99603 4.65048,5.35235 5.04436,3.17068 9.95704,2.00091 13.97064,-3.32602 3.95512,-5.2493 3.9079,-5.21493 5.74265,-4.11646 0.92711,0.55503 2.55407,1.81235 3.61531,2.79511 2.53152,2.34437 6.63125,2.64335 9.79037,0.71487 4.70816,-2.87409 7.94319,-11.48994 6.66133,-17.74023 -0.7233,-3.52682 -5.2831,-10.31595 -7.01073,-10.43832 -1.73219,-0.12267 -1.78267,-1.41054 -0.1493,-3.81976 1.87305,-2.76267 4.41496,-9.3704 4.59783,-11.95236 0.071,-1.00308 -0.37287,-2.46643 -0.98747,-3.25044 -0.7664,-0.977622 -1.56062,-1.496226 -2.57271,-1.502244 z m -82.417576,0.08859 c -0.898747,0.04195 -1.69144,0.467883 -2.492811,1.23649 -1.282538,1.230064 -1.369414,1.791704 -0.829483,5.377754 0.331642,2.20256 1.612584,5.98626 2.846536,8.40768 1.233974,2.4214 2.15068,4.45471 2.038115,4.51728 -8.478745,4.71369 -11.7221,12.96477 -8.455369,21.51103 2.018228,5.28004 5.704268,8.8651 9.382731,9.12565 2.284142,0.16179 3.58309,-0.33926 6.45257,-2.48785 1.976186,-1.47967 3.887914,-2.66946 4.247812,-2.64397 0.359957,0.0255 1.730952,1.68547 3.047247,3.68841 1.316296,2.00293 3.24079,4.29066 4.275695,5.08351 4.551287,3.48676 11.513647,1.51951 15.041056,-4.24906 1.669089,-2.72961 1.932813,-3.88532 1.902425,-8.32837 -0.06224,-9.12358 -1.928364,-13.1562 -6.882453,-14.87385 -4.375212,-1.51697 -4.613909,-3.24327 -1.13303,-8.1543 3.640872,-5.13675 4.558698,-8.50709 3.052195,-11.20463 -2.371076,-4.2457 -6.454627,-4.1353 -14.786461,0.39894 -2.344463,1.27587 -4.392444,2.31069 -4.55012,2.29953 -0.157664,-0.0108 -2.565398,-2.16854 -5.351132,-4.79482 -3.426132,-3.23003 -5.639582,-4.773411 -7.41339,-4.90385 -0.133029,-0.0096 -0.263732,-0.01199 -0.392133,-0.006 z M 48.046005,147.79692 c -1.778628,0.0684 -2.692792,1.66707 -2.935748,5.09714 -0.335766,4.74068 0.860339,7.94554 4.758887,12.76017 7.642309,9.43802 19.227341,15.82679 35.998948,19.85329 14.015943,3.36489 32.618328,2.05353 44.614688,-3.14636 13.06036,-5.66107 23.71111,-16.50853 25.29547,-25.76134 0.83163,-4.85707 0.0435,-7.63025 -2.2097,-7.86067 -0.15016,-0.0155 -0.30765,-0.0189 -0.47083,-0.012 -1.51212,0.0683 -3.11485,1.36724 -6.49777,5.26253 -5.55549,6.39689 -11.83539,10.86302 -19.7393,14.0419 -9.60055,3.86124 -14.60534,4.47423 -28.591752,3.49947 -10.145322,-0.707 -13.127796,-1.18374 -18.562816,-2.96423 -9.583143,-3.13943 -18.178913,-8.39063 -24.673523,-15.07273 -2.998398,-3.08498 -5.97717,-5.64569 -6.619823,-5.6912 -0.126304,-0.008 -0.248159,-0.0108 -0.366731,-0.006 z m 60.923265,49.32349 c -0.41012,0.0166 -0.81142,0.035 -1.22411,0.0495 l 0.6133,0.044 z"
         id="path980"
         inkscape:connector-curvature="0" />
    </g>
  </g>
</svg>
