<?xml version="1.0" encoding="UTF-8" standalone="no"?>
<svg
   xmlns:dc="http://purl.org/dc/elements/1.1/"
   xmlns:cc="http://creativecommons.org/ns#"
   xmlns:rdf="http://www.w3.org/1999/02/22-rdf-syntax-ns#"
   xmlns:svg="http://www.w3.org/2000/svg"
   xmlns="http://www.w3.org/2000/svg"
   xmlns:sodipodi="http://sodipodi.sourceforge.net/DTD/sodipodi-0.dtd"
   xmlns:inkscape="http://www.inkscape.org/namespaces/inkscape"
   height="1416pt"
   viewBox="0 -131 1198.6666 1888"
   width="899pt"
   version="1.1"
   id="svg18"
   sodipodi:docname="Masks-power.svg"
   inkscape:version="0.92.2 5c3e80d, 2017-08-06">
  <metadata
     id="metadata24">
    <rdf:RDF>
      <cc:Work
         rdf:about="">
        <dc:format>image/svg+xml</dc:format>
        <dc:type
           rdf:resource="http://purl.org/dc/dcmitype/StillImage" />
        <dc:title />
      </cc:Work>
    </rdf:RDF>
  </metadata>
  <defs
     id="defs22" />
  <sodipodi:namedview
     pagecolor="#ffffff"
     bordercolor="#666666"
     borderopacity="1"
     objecttolerance="10"
     gridtolerance="10"
     guidetolerance="10"
     inkscape:pageopacity="0"
     inkscape:pageshadow="2"
     inkscape:window-width="1186"
     inkscape:window-height="674"
     id="namedview20"
     showgrid="false"
     units="pt"
     inkscape:zoom="0.24793396"
     inkscape:cx="-265.97178"
     inkscape:cy="951.16891"
     inkscape:window-x="0"
     inkscape:window-y="0"
     inkscape:window-maximized="0"
     inkscape:current-layer="svg18" />
  <g
     id="g34"
     transform="matrix(1.6695961,0,0,1.8721205,169.39994,-1192.1651)">
    <path
       style="fill:#ffc14f"
       inkscape:connector-curvature="0"
       id="path2"
       d="m 377.23047,912.28125 c -19.9961,0 -38.91406,4.2461 -55.74219,11.82032 -41.61328,18.72265 -89.36328,18.72265 -130.97265,0 -16.83204,-7.57422 -35.75,-11.82032 -55.7461,-11.82032 -70.210936,0 -127.132811,52.42579 -127.132811,117.08595 0,64.6601 56.921875,117.0859 127.132811,117.0859 19.9961,0 38.91406,-4.2461 55.7461,-11.8203 41.60937,-18.7226 89.35937,-18.7226 130.97265,0 16.82813,7.5742 35.74609,11.8203 55.74219,11.8203 70.21094,0 127.13281,-52.4258 127.13281,-117.0859 0,-64.66016 -56.92187,-117.08595 -127.13281,-117.08595 z m 52.85156,139.02735 c -36.69531,30.7773 -100.25781,7.7187 -130.62891,-6.2422 -8.23437,-3.7851 -9.21484,-15.0351 -1.82031,-20.2695 73.13281,-51.73049 125.47266,-31.3594 138.32422,-10.7227 7.53125,12.0977 5.03906,28.0821 -5.875,37.2344 z m -220.60156,-6.2422 c -30.37109,13.9609 -93.93359,37.0195 -130.625001,6.2422 -10.914063,-9.1523 -13.410157,-25.1367 -5.875,-37.2344 12.847656,-20.6367 65.191411,-41.0117 138.312501,10.7227 7.40234,5.2344 6.42578,16.4844 -1.8125,20.2695 z m 0,0" />
    <path
       style="fill:#4172cc"
       inkscape:connector-curvature="0"
       id="path4"
       d="m 377.23047,943.84375 c -15.0586,0 -29.45313,3.04297 -42.79297,9.04297 -24.80078,11.16797 -51.19141,16.82813 -78.4375,16.82813 -27.24609,0 -53.63672,-5.66016 -78.4375,-16.82813 -13.33594,-6 -27.73438,-9.04297 -42.79297,-9.04297 -10.07812,0 -19.79297,1.40625 -28.91406,4 -38.609376,10.98829 -66.656251,43.38282 -66.656251,81.52345 0,39.4141 29.953125,72.6836 70.554691,82.5508 7.97265,1.9336 16.36328,2.9726 25.01562,2.9726 15.05859,0 29.45703,-3.0429 42.79297,-9.039 24.80078,-11.1719 51.19141,-16.8321 78.4375,-16.8321 27.24609,0 53.63672,5.6602 78.4375,16.8321 13.33984,5.9961 27.73437,9.039 42.79297,9.039 52.69922,0 95.57031,-38.3633 95.57031,-85.5234 0,-47.16016 -42.87109,-85.52345 -95.57031,-85.52345 z m -167.75,101.22265 c -30.37109,13.9609 -93.93359,37.0195 -130.625001,6.2422 -5.84375,-4.8984 -9.277344,-11.7695 -10.050781,-18.9492 -0.0078,-0.01 -0.0078,-0.027 0,-0.039 -0.183594,-1.7617 -0.210938,-3.543 -0.05859,-5.3164 0.335937,-4.4766 1.730468,-8.918 4.234375,-12.9297 12.847656,-20.63674 65.191407,-41.01174 138.312497,10.7226 7.40234,5.2344 6.42578,16.4844 -1.8125,20.2696 z m 220.60156,6.2422 c -36.69531,30.7773 -100.25781,7.7187 -130.62891,-6.2422 -8.23437,-3.7851 -9.21484,-15.0351 -1.82031,-20.2695 73.13281,-51.73049 125.47266,-31.3594 138.32422,-10.7227 7.53125,12.0977 5.03906,28.0821 -5.875,37.2344 z m 0,0" />
    <path
       style="fill:#6990d7"
       inkscape:connector-curvature="0"
       id="path6"
       d="m 377.23047,943.84375 c -15.0586,0 -29.45313,3.04297 -42.79297,9.04297 -24.80078,11.16797 -51.19141,16.82813 -78.4375,16.82813 -27.24609,0 -53.63672,-5.66016 -78.4375,-16.82813 -13.33594,-6 -27.73438,-9.04297 -42.79297,-9.04297 -10.07812,0 -19.79297,1.40625 -28.91406,4 -22.265626,18.37891 -36.734376,47 -37.109376,79.16015 0.335937,-4.4766 1.730468,-8.918 4.234375,-12.9297 12.847656,-20.6367 65.191401,-41.0117 138.312501,10.7227 7.40234,5.2304 6.42578,16.4844 -1.8125,20.2695 -30.3711,13.9609 -93.93359,37.0195 -130.625001,6.2422 -5.84375,-4.8984 -9.277344,-11.7695 -10.050781,-18.9492 1.191406,32.9062 17.125,61.8515 40.949222,79.5586 7.97265,1.9336 16.36328,2.9726 25.01562,2.9726 15.05859,0 29.45703,-3.0429 42.79297,-9.039 24.80078,-11.1719 51.19141,-16.8321 78.4375,-16.8321 27.24609,0 53.63672,5.6602 78.4375,16.8321 13.33984,5.9961 27.73437,9.039 42.79297,9.039 52.69922,0 95.57031,-38.3633 95.57031,-85.5234 0,-47.16016 -42.87109,-85.52345 -95.57031,-85.52345 z m 52.85156,107.46485 c -36.69531,30.7773 -100.25781,7.7187 -130.62891,-6.2422 -8.23437,-3.7851 -9.21484,-15.0351 -1.82031,-20.2695 73.13281,-51.73049 125.47266,-31.3594 138.32422,-10.7227 7.53125,12.0977 5.03906,28.0821 -5.875,37.2344 z m 0,0" />
    <path
       inkscape:connector-curvature="0"
       id="path8"
       d="m 318.35156,917.14063 c -39.625,17.83203 -85.01172,17.86328 -124.70312,0 C 104.27344,876.92579 0,937.60547 0,1029.3672 c 0,68.7734 60.460938,124.7226 134.77344,124.7226 39.18359,0 56.07031,-13.1171 78.11718,-19.6328 4.04688,-1.1953 6.35547,-5.4453 5.16016,-9.4882 -1.19531,-4.043 -5.44531,-6.3516 -9.48828,-5.1602 -23.21094,6.8633 -37.94922,19.0078 -73.78906,19.0078 -65.894534,0 -119.500002,-49.0976 -119.500002,-109.4492 0,-80.90626 93.085942,-133.85548 172.105472,-98.29688 43.60937,19.625 93.55468,19.65625 137.24218,0 79.125,-35.60547 172.10547,17.47656 172.10547,98.29688 0,80.9101 -93.08594,133.8555 -172.10547,98.2969 -27.52343,-12.3868 -56.61718,-16.6485 -84.6875,-13.9414 -4.19531,0.4023 -7.27343,4.1367 -6.86718,8.332 0.40234,4.1992 4.1289,7.2734 8.33203,6.8711 25.39843,-2.4492 51.83984,1.3633 76.95312,12.668 C 407.72656,1181.8086 512,1121.1289 512,1029.3672 512,937.65235 407.75781,876.91016 318.35156,917.14063 Z m 0,0" />
    <path
       inkscape:connector-curvature="0"
       id="path10"
       d="m 419.85156,1114.2148 c 36.80469,-15.1132 60.58594,-48.4179 60.58594,-84.8476 0,-69.06251 -80.85156,-114.16798 -149.13281,-83.44141 -47.86328,21.53515 -102.66407,21.57421 -150.60938,0 -16.47656,-7.41407 -34.01172,-10.41016 -51.375,-9.58985 -4.21484,0.19922 -7.46484,3.77344 -7.26953,7.98828 0.19922,4.21094 3.79688,7.47657 7.98828,7.26953 15.42969,-0.72656 30.52735,2.01954 44.38672,8.25782 51.85156,23.33203 111.20703,23.37109 163.14453,0 58.04297,-26.11719 127.59375,11.4375 127.59375,69.51563 0,30.2109 -20.0625,57.9726 -51.11328,70.7187 -3.90234,1.6016 -5.76562,6.0625 -4.16406,9.9649 1.60547,3.9101 6.07422,5.7617 9.96484,4.164 z m 0,0" />
    <path
       inkscape:connector-curvature="0"
       id="path12"
       d="M 97.269531,942.57032 C 59.035156,956.0625 31.5625,989.69141 31.5625,1029.3672 c 0,69.0625 80.85156,114.168 149.13281,83.4453 47.86328,-21.5391 102.66406,-21.5781 150.60938,0 17.98047,8.0898 37.58984,11.0313 56.82031,9.1992 4.19922,-0.3984 7.27734,-4.125 6.87891,-8.3242 -0.39844,-4.1992 -4.125,-7.2734 -8.32422,-6.8789 -16.45703,1.5625 -33.44141,-0.875 -49.10547,-7.9258 -25.80078,-11.6094 -53.24219,-17.4961 -81.57422,-17.4961 -28.32813,0 -55.77344,5.8867 -81.57031,17.4961 -58.04297,26.1211 -127.593752,-11.4375 -127.593752,-69.5156 0,-32.07813 21.789062,-60.4961 55.515622,-72.39845 3.97656,-1.40234 6.0625,-5.76562 4.65625,-9.74218 -1.40234,-3.97657 -5.76562,-6.0586 -9.738279,-4.65625 z m 0,0" />
    <path
       inkscape:connector-curvature="0"
       id="path14"
       d="m 66.492188,1010.043 c -9.527344,15.3047 -6.324219,35.5625 7.453124,47.1211 36.335938,30.4804 95.468748,14.7226 138.726558,-5.1563 13.5625,-6.2305 15.26172,-24.8008 3.03516,-33.4492 -74.1875,-52.48438 -132.757811,-34.94922 -149.214842,-8.5156 z m 12.964843,8.0703 c 11.0625,-17.7656 59.472659,-35.16408 127.429689,12.914 2.57031,1.8165 2.34375,5.754 -0.58985,7.1016 -98.28906,45.1719 -143.093745,6.0977 -126.839839,-20.0156 z m 0,0" />
    <path
       inkscape:connector-curvature="0"
       id="path16"
       d="m 300.01073,1018.5586 c -12.23047,8.6523 -10.51953,27.2187 3.03516,33.4492 43.04297,19.7813 102.3125,35.7031 138.72656,5.1563 13.77734,-11.5586 16.98047,-31.8164 7.45313,-47.1211 -16.23438,-26.07034 -74.52344,-44.32425 -149.21485,8.5156 z m 9.41016,19.5703 c -2.9336,-1.3476 -3.16016,-5.2851 -0.58985,-7.1016 67.96485,-48.08198 116.36719,-30.6835 127.42969,-12.9101 16.25,26.1055 -28.54297,65.1875 -126.83984,20.0117 z m 0,0" />
  </g>
</svg>
