<?xml version="1.0" encoding="UTF-8" standalone="no"?>
<svg
   xmlns:dc="http://purl.org/dc/elements/1.1/"
   xmlns:cc="http://creativecommons.org/ns#"
   xmlns:rdf="http://www.w3.org/1999/02/22-rdf-syntax-ns#"
   xmlns:svg="http://www.w3.org/2000/svg"
   xmlns="http://www.w3.org/2000/svg"
   xmlns:sodipodi="http://sodipodi.sourceforge.net/DTD/sodipodi-0.dtd"
   xmlns:inkscape="http://www.inkscape.org/namespaces/inkscape"
   height="1416pt"
   viewBox="0 -18 1198.6666 1888"
   width="899pt"
   version="1.1"
   id="svg40"
   sodipodi:docname="Masks-power1.svg"
   inkscape:version="0.92.2 5c3e80d, 2017-08-06">
  <metadata
     id="metadata46">
    <rdf:RDF>
      <cc:Work
         rdf:about="">
        <dc:format>image/svg+xml</dc:format>
        <dc:type
           rdf:resource="http://purl.org/dc/dcmitype/StillImage" />
        <dc:title></dc:title>
      </cc:Work>
    </rdf:RDF>
  </metadata>
  <defs
     id="defs44" />
  <sodipodi:namedview
     pagecolor="#ffffff"
     bordercolor="#666666"
     borderopacity="1"
     objecttolerance="10"
     gridtolerance="10"
     guidetolerance="10"
     inkscape:pageopacity="0"
     inkscape:pageshadow="2"
     inkscape:window-width="2352"
     inkscape:window-height="1324"
     id="namedview42"
     showgrid="false"
     inkscape:zoom="0.45254834"
     inkscape:cx="786.74155"
     inkscape:cy="746.75951"
     inkscape:window-x="0"
     inkscape:window-y="1"
     inkscape:window-maximized="0"
     inkscape:current-layer="svg40" />
  <g
     id="g1093"
     transform="matrix(1.2138717,0,0,1.2138717,-133.52676,-192.1499)">
    <path
       inkscape:connector-curvature="0"
       id="rect928"
       d="m 321.38828,696.05988 c -0.50469,0.89274 -1.13228,1.72741 -1.85693,2.48453 -9.44635,42.04281 -7.1947,40.39958 -7.1947,332.08569 0.0381,9.6794 8.30114,15.6448 15.94885,15.6448 5.19548,-10e-5 2.43914,0.7052 60.98093,-29.4132 6.18549,-3.1896 13.80073,-0.7506 16.97116,5.4478 3.19626,6.1855 0.75695,13.7814 -5.44145,16.9712 l -1.11291,0.5726 c 14.08662,-6.8876 31.98781,-15.9858 47.00877,-23.713 l -0.24265,-0.3526 c -0.35496,0.1823 -0.45931,0.2343 -0.82172,0.4205 -6.17885,3.1963 -13.79427,0.7569 -16.97115,-5.4284 -3.1898,-6.1984 -0.75695,-13.79445 5.44791,-16.97117 l 147.57056,-75.92046 c 11.92458,-6.13364 26.14586,-6.02374 37.99259,0.35586 l 245.34074,131.97767 c 10.49464,5.5773 23.04019,-1.6499 23.51241,-13.5096 0.0646,-1.6887 4.24441,-288.34117 -6.45712,-337.57243 -0.98984,-0.9057 -1.81818,-1.94749 -2.45869,-3.07332 l -69.62494,24.08829 c -6.57373,2.27102 -13.74905,-1.20985 -16.03299,-7.7965 -1.71101,-4.95241 -0.15404,-10.24565 3.53267,-13.53229 l -37.35522,13.45464 c 4.46685,0.68704 8.42056,3.76285 10.01248,8.32704 2.26457,6.57359 -1.20996,13.76196 -7.80307,16.03298 l -152.69499,52.86095 c -6.1078,2.09623 -12.50016,1.9863 -18.28447,0 z m 55.13202,83.49051 c 4.41567,-0.0338 8.93984,0.58918 13.45787,1.95398 l 177.8573,53.72794 c 16.01345,4.83969 18.48505,26.55328 3.97259,34.86751 l -172.46769,98.81177 c -29.99555,17.18465 -67.38638,-4.4321 -67.38638,-39.05368 V 824.59543 c 0,-25.49981 20.72163,-44.86299 44.56631,-45.04504 z m 438.38017,0 c 23.84949,0.18334 44.563,19.55064 44.563,45.04504 v 105.26248 c 0,34.53743 -37.31331,56.27709 -67.38638,39.05368 L 619.6094,870.09982 c -14.52555,-8.32069 -12.0344,-30.02782 3.97259,-34.86751 l 177.8573,-53.72794 c 4.52002,-1.3648 9.04451,-1.98793 13.46118,-1.95398 z"
       style="opacity:1;fill:#1d4b5e;fill-opacity:1;stroke:none;stroke-width:20.477211;stroke-miterlimit:4;stroke-dasharray:none;stroke-opacity:1" />
    <path
       style="stroke-width:1.6563524"
       inkscape:connector-curvature="0"
       d="m 881.15771,671.13373 c -4.97717,0.0349 -10.37175,1.08619 -16.07175,3.26417 -29.30535,10.14452 -63.33014,21.92315 -63.34256,21.92726 -6.58649,2.28394 -10.06748,9.45941 -7.79645,16.03298 2.28394,6.58665 9.45926,10.06752 16.03299,7.7965 l 69.62494,-24.08829 c 0.64051,1.12583 1.46885,2.16762 2.45869,3.07332 10.70153,49.23126 6.52189,335.88373 6.45712,337.57243 -0.47222,11.8598 -13.01777,19.0868 -23.51241,13.5096 L 619.66754,918.24403 c -11.84673,-6.3796 -26.06801,-6.48949 -37.99259,-0.35585 l -147.57056,75.92045 c -6.20486,3.17672 -8.63771,10.77277 -5.44791,16.97117 3.17688,6.1853 10.7923,8.6247 16.97115,5.4284 l 147.57719,-75.90104 c 4.47083,-2.30332 10.09978,-2.25138 14.51892,0.12936 L 853.0774,1072.4206 c 24.77407,13.3025 55.0931,-1.4751 60.00402,-28.9667 l 0.0514,0.1197 V 738.91477 c 0.98917,-6.10893 -0.0828,-12.49884 0,-19.8924 3.31502,-29.10247 -10.4072,-48.04038 -31.97539,-47.88864 z m -572.08523,3.26417 c -8.40119,0.626 -15.24938,3.82129 -18.40109,10.95716 0.66818,0.27396 1.34712,0.53804 2.04775,0.77966 l -3.00528,1.89897 c -0.27214,0.97478 -0.48714,2.00628 -0.64068,3.10243 v 9.00965 18.11312 l 1.43324,-0.90582 c -0.5625,3.83695 -1.03456,7.19703 -1.43324,10.51719 v 315.05314 c 7.56854,23.748 35.0196,35.7747 58.05333,23.9653 l 53.66963,-27.608 c 6.1984,-3.1898 8.63771,-10.7857 5.44145,-16.9712 -3.17043,-6.1984 -10.78567,-8.6374 -16.97116,-5.4478 -58.54179,30.1184 -55.78545,29.4131 -60.98093,29.4132 -7.64771,0 -15.91009,-5.9654 -15.94885,-15.6448 0,-291.68611 -2.25165,-290.04286 7.1947,-332.08568 0.72465,-0.75711 1.35224,-1.59178 1.85693,-2.48452 l 269.96607,93.44156 c 5.78431,1.9863 12.17684,2.09628 18.28464,0 l 152.69498,-52.86093 c 6.59295,-2.27103 10.06748,-9.45941 7.80291,-16.03298 -2.2904,-6.56727 -9.46589,-10.06766 -16.03299,-7.77709 l -152.70145,52.84798 c -1.33999,0.45492 5.36741,2.37157 -265.47569,-91.28054 H 316.0439 Z"
       id="path956" />
    <path
       d="M 565.54291,859.16734 393.0623,957.97257 c -21.59089,12.39035 -48.51308,-3.2221 -48.51308,-28.1126 V 824.60391 c 0,-17.37878 13.39327,-30.83665 29.40672,-32.29888 4.01798,-0.38824 8.20408,0 12.37096,1.26165 l 166.43096,50.29232 11.42634,3.44207 c 5.46083,1.64989 6.30193,9.02596 1.35871,11.86627 z"
       id="path958"
       inkscape:connector-curvature="0"
       style="opacity:0.86699997;fill:#af2727;fill-opacity:1;stroke-width:1.6563524"
       sodipodi:nodetypes="ccssccccc" />
    <path
       d="m 846.86393,824.60391 v 105.25606 c 0,24.8905 -26.92219,40.50295 -48.51937,28.1126 L 625.87041,859.16734 c -4.94322,-2.84031 -4.10212,-10.21638 1.35871,-11.86627 l 49.92991,-15.08821 127.92738,-38.64618 c 20.80147,-6.28884 41.77752,9.29114 41.77752,31.03723 z"
       id="path960"
       inkscape:connector-curvature="0"
       style="opacity:0.86699997;fill:#ba2727;fill-opacity:1;stroke-width:1.6563524"
       sodipodi:nodetypes="sscccccs" />
    <path
       d="m 552.75786,843.859 -130.28239,74.62646 c -21.59734,12.38389 -48.51953,-3.22856 -48.51953,-28.11277 v -98.06766 c 4.01798,-0.38824 8.20408,0 12.37096,1.26165 z"
       id="path962"
       inkscape:connector-curvature="0"
       style="opacity:0.51000001;fill:#c42d2d;fill-opacity:0.70952382;stroke-width:1.6563524"
       sodipodi:nodetypes="ccsccc" />
    <path
       d="m 846.86393,824.60391 v 98.08074 c -6.3019,0.58867 -12.9273,-0.6536 -19.1062,-4.19919 l -150.59869,-86.2726 127.92738,-38.64618 c 20.80147,-6.28884 41.77751,9.29114 41.77751,31.03723 z"
       id="path964"
       inkscape:connector-curvature="0"
       style="opacity:0.66300001;fill:#c42d2d;fill-opacity:1;stroke-width:1.6563524"
       sodipodi:nodetypes="sccccs" />
    <path
       style="stroke-width:1.6563524"
       d="m 567.83331,835.23438 -177.8573,-53.72794 c -28.91494,-8.73477 -58.02417,12.86903 -58.02417,43.09101 v 105.26252 c 0,34.62157 37.39099,56.23829 67.38637,39.05364 l 172.4677,-98.81169 c 14.51263,-8.31423 12.04102,-30.02785 -3.9726,-34.86754 z M 386.80559,947.04462 c -13.19898,7.56357 -29.64606,-1.96046 -29.64606,-17.18465 V 824.59745 c 0,-11.29036 9.2393,-19.82439 19.74687,-19.82439 4.1861,0 -7.55065,-3.16396 170.08669,50.4992 z"
       id="path966"
       inkscape:connector-curvature="0"
       sodipodi:nodetypes="csssccccssscc" />
    <path
       style="stroke-width:1.6563524"
       d="m 619.60725,870.10192 172.46769,98.81169 c 30.07323,17.22341 67.38638,-4.51621 67.38638,-39.05364 V 824.59745 c 0,-30.21552 -29.09615,-51.82578 -58.02401,-43.09101 l -177.85747,53.72794 c -16.00699,4.83969 -18.49798,26.54685 -3.97259,34.86754 z M 808.72261,805.64 c 12.71383,-3.84324 25.53118,5.65495 25.53118,18.95745 v 105.26252 c 0,15.20481 -16.43417,24.75468 -29.64623,17.18465 L 644.42023,855.27226 Z"
       id="path968"
       inkscape:connector-curvature="0"
       sodipodi:nodetypes="ccssccccssccc" />
  </g>
</svg>
