<?xml version="1.0" encoding="UTF-8"?>
<svg width="897px" height="1418px" viewBox="0 0 897 1418" version="1.1" xmlns="http://www.w3.org/2000/svg" xmlns:xlink="http://www.w3.org/1999/xlink">
    <!-- Generator: Sketch 51.3 (57544) - http://www.bohemiancoding.com/sketch -->
    <title>Artboard</title>
    <desc>Created with Sketch.</desc>
    <defs></defs>
    <g id="Artboard" stroke="none" stroke-width="1" fill="none" fill-rule="evenodd">
        <rect id="Rectangle-path"  fill-rule="nonzero" x="-1" y="2" width="899" height="1416"></rect>
        <g id="cloak" transform="translate(28.000000, 205.000000)">
            <path d="M341.962,725.63 C341.379,726.086 340.79,726.529 340.199,726.971 C340.807,727.907 341.398,728.7 341.962,729.263 C345.519,732.82 346.332,722.212 341.962,725.63 Z" id="Shape" fill="#54361F" fill-rule="nonzero"></path>
            <g>
                <path d="M821.533,1143.788 C823.013,1137.337 823.585,1130.705 824.064,1123.959 C824.472,1118.217 824.496,1112.492 824.226,1106.787 C825.818,1102.933 826.667,1098.698 826.667,1094.308 C826.667,1079.221 825.898,1063.896 822.688,1049.117 C820.226,1037.785 814.474,1026.329 804.367,1020.017 C802.561986,1018.89357 800.640828,1017.96853 798.637,1017.258 C795.905,1012.642 792.915,1008.184 789.953,1003.705 C788.117,1000.712 786.252,997.736 784.299,994.816 C779.218,987.221 773.35,979.281 765.465,974.409 C773.518,969.632 779.973,962.504 785.796,955.319 C788.885,951.506 791.146,947.022 793.451,942.737 C795.125,939.625 796.133,936.387 796.847,933.078 C798.482188,931.619313 799.957191,929.99044 801.247,928.219 C806.591,920.923 808.551,911.238 810.145,902.632 C810.546452,900.433457 810.898873,898.226243 811.202,896.012 C825.047,878.092 836.065,854.7 828.389,833.858 C830.212,831.189 831.304,828.061 831.23,824.687 C831.012,814.905 829.459,804.989 827.776,795.346 C825.906,784.628 824.639,773.708 823.081,762.947 C820.67,746.294 817.654,729.703 814.164,713.244 C805.765,673.629 795.909,634.15 783.123,595.703 C782.174,592.85 780.136,590.566 777.592,588.904 C775.656126,580.774047 773.527862,572.691111 771.209,564.662 C770.55509,559.374343 769.909423,554.08567 769.272,548.796 C766.872,528.78 764.186,508.791 761.464,488.807 C762.846,481.78 762.033,473.796 762.127,467.086 C762.249,458.162 762.329,449.286 762.189,440.358 C762.019,429.453 760.264,419.083 756.792,408.782 C756.16,406.91 755.183,405.247 753.976,403.796 L753.975,403.772 C753.836,400.458 753.623,397.148 753.404,393.839 C752.776,384.356 751.714,374.911 751.12,365.424 C750.524,355.903 749.947,346.386 749.491,336.856 C748.839,323.181 748.607,309.385 747.138,295.762 C746.068,285.831 744.707,276.046 742.759,266.24 C741.296,258.878 739.056,251.895 736.677,244.88 C738.01269,242.624075 738.84566,240.106403 739.119,237.499 C739.397214,234.76122 739.061749,231.995849 738.137,229.404 C737.791499,228.105956 737.31157,226.847483 736.705,225.649 C735.103,221.904 732.467,218.51 730.137,215.227 C726.458,210.042 721.973,205.404 717.551,200.858 C712.974193,196.156357 708.34962,191.501448 703.678,186.894 L703.312,186.024 C691.833,159.351 678.044,133.432 660.678,110.08 C655.028,102.481 643.472,101.607 636.275,107.359 C635.247806,108.189565 634.318791,109.134685 633.506,110.176 C629.941,104.114 623.519,99.025 617.945,94.888 C608.265,87.703 598.365,80.814 588.431,73.986 C575.752,65.271 562.959,56.664 549.934,48.468 C543.969,44.714 537.828,41.294 531.801,37.64 C528.335,35.538 524.074,33.255 520.305,32.266 C513.403,30.453 507.148,32.218 502.645,35.919 C501.922885,35.3388543 501.163964,34.8060732 500.373,34.324 C491.394,28.85 481.461,25.713 471.125,23.931 C469.601,19.157 466.456,14.888 461.889,13.056 C436.911,3.036 412.605,12.536 389.228,22.347 C378.043,21.185 366.67,22.647 355.525,25.489 C347.647,27.497 339.922,30.078 332.128,32.377 C328.694813,33.3845394 325.235974,34.3025171 321.755,35.13 C322.71,34.843 317.826,35.764 317.187,35.851 C315.034,36.144 312.865,36.288 310.695,36.395 C303.822,36.737 297.97,41.804 295.238,47.966 C293.689193,48.5842635 292.152887,49.2333929 290.63,49.913 C285.972,48.119 280.64,48.152 275.634,51.042 C269.017,54.863 261.728,58.951 254.585,63.518 L254.533,63.535 C244.163,66.909 233.542,70.161 224.627,76.696 C221.904,78.692 219.895,81.489 218.637,84.629 C211.158,86.654 204.132,91.735 197.772,98.127 C195.996,98.635 194.173,99.101 192.736,99.909 C190.888,100.95 189.191,102.246 187.565,103.597 C185.25,105.52 183.169,107.718 181.162,109.953 C176.829,114.778 173.27,120.262 169.904,125.786 C163.053,137.033 157.397,148.977 151.771,160.867 C149.904,164.812 148.042,168.761 146.033,172.636 C145.972,172.753 145.907,172.867 145.846,172.984 C145.765,173.122 145.686,173.254 145.616,173.368 C144.290943,175.520316 142.995157,177.690516 141.729,179.878 C135.839,190.01 129.253,200.74 127.036,212.233 C115.401,235.633 107.34,260.801 109.092,287.125 C109.262,289.678 110.018,292.104 111.212,294.284 C108.776,302.066 106.444,309.868 104.276,317.69 C96.169,346.937 90.467,377.023 92.634,407.518 C92.919,411.536 94.289,415.286 96.544,418.342 C87.415,454.214 77.218,491.446 87.808,527.433 C83.153,543.003 78.139,558.469 73.831,574.142 C69.412,590.218 66.533,606.967 68.618,623.081 C66.1412549,633.969143 63.7558377,644.87786 61.462,655.806 C59.48,658.8 57.827,661.795 56.741,665.095 C50.999,672.955 48.07,682.533 45.336,691.979 C41.712,704.496 37.906,716.918 34.703,729.561 C33.6275141,733.807776 32.6120794,738.069535 31.657,742.345 C30.601,744 29.724,745.83 28.989,747.792 C24.111,760.804 23.451,775.125 24.39,789.4 C23.78,797.43 23.515,805.496 23.688,813.6 C24.26,840.4 24.723,870.885 32.772,898.018 C32.974,899.632 33.49,901.183 34.235,902.641 C38.945,916.714 45.871,929.753 56.166,940.712 C61.935,946.852 71.495,948.284 78.872,944.304 C78.885,944.297 78.896,944.288 78.909,944.283 C81.4212523,946.232545 84.32308,947.619516 87.418,948.35 C98.353,950.945 109.671,951.519 120.927,951.65 C125.808,952.39 130.687,953.14 135.573,953.836 C132.885,955.31 130.283,956.982 127.764,958.779 C125.685,954.537 120.272,951.646 115.795,953.283 C107.498,956.319 101.364,961.765 96.256,968.28 C92.785,967.676 89.017,968.967 86.448,973.129 C85.7727294,974.223232 85.0943934,975.31557 84.413,976.406 C81.658,976.97 79.149,978.748 77.333,981.231 C72.831,987.391 68.627,993.743 64.589,1000.196 C62.496,1001.033 60.608,1002.572 59.104,1004.525 C56.578,1007.8 53.476,1010.695 50.56,1013.615 C49.6002541,1014.56773 48.8484356,1015.70908 48.352,1016.967 C47.378,1018.32 46.836,1019.985 46.681,1021.684 C44.752,1022.961 43.288,1024.846 42.892,1027.2 C41.848,1033.416 40.003,1039.378 37.904,1045.263 C35.112,1051.564 32.654,1058.007 30.739,1064.673 C30.519,1065.441 30.385,1066.177 30.323,1066.886 C27.448,1068.373 25.315,1071.228 25.313,1075.467 C25.309,1083.383 25.27,1091.318 25.145,1099.256 C19.666,1098.319 13.438,1101.526 13.16,1108.888 C12.933,1114.879 13.137,1120.827 13.657,1126.738 C14.059,1146.105 14.416,1165.519 18.586,1184.5 C19.853,1190.27 26.148,1192.681 31.285,1191.458 C36.164,1197.965 43.757,1202.395 52.341,1202.745 C63.456,1203.198 74.619,1201.652 85.533,1199.66 C89.836,1198.873 94.129,1198.053 98.449,1197.36 C99.327,1197.22 102.246,1196.902 103.475,1196.744 C105.041,1196.693 106.608,1196.685 108.175,1196.679 C122.922,1196.617 137.605,1195.162 152.324,1194.678 C157.967,1194.715 163.634,1194.694 169.343,1194.682 C173.340027,1194.67467 177.294762,1193.86359 180.972,1192.297 C189.389,1194.6 198.227,1195.478 207.055,1195.906 C221.194,1196.594 235.232,1196.619 249.381,1195.967 C268.949,1195.067 288.456,1193.161 307.993,1191.777 C311.703,1194.406 316.054,1196.055 320.814,1196.196 C331.36,1196.51 341.709,1195.054 352.008,1193.175 C353.52,1193.068 355.032,1192.976 356.547,1192.891 C357.719,1192.853 358.89,1192.812 360.064,1192.777 C381.046,1195.041 402.296,1195.884 423.129,1193.158 C423.496,1193.109 423.848,1193.036 424.208,1192.976 C436.309,1193.258 449.234,1192.739 460.894,1189.144 C504.087,1189.426 547.299,1190.728 590.349,1194.323 C600.788,1195.279 611.216,1196.363 621.627,1197.609 C628.147,1198.39 633.951,1198.301 639.69,1195.755 C642.815,1199.351 647.856,1200.755 654.836,1199.942 C660.078,1199.688 664.965,1197.634 670.08,1197.27 C676.705,1196.798 682.781,1194.179 687.387,1190.041 C694.177,1189.896 701.95,1191.229 708.569,1192.207 C719.657,1193.845 730.489,1195.459 741.703,1196.246 C752.861,1197.03 764.195,1195.486 775.341,1194.46 C774.105,1194.601 779.752,1194.236 780.971,1194.193 C781.407,1194.177 781.844,1194.176 782.28,1194.166 C792.679,1197.865 803.526,1197.598 814.332,1194.812 C826.609,1191.648 834.98,1178.974 834.523,1166.61 C834.178,1157.325 829.12,1148.76 821.533,1143.788 Z M628.843,870.575 C607.492,865.279 589.487,851.324 566.908,850.153 C549.661,849.257 535.137,853.6 519.968,861.618 C509.105,867.359 498.804,874.937 490.07,883.573 C481.882,891.67 473.759,901.996 470.786,913.372 C466.255,915.613 461.897,918.253 457.975,921.183 C452.296,925.426 444.856,930.681 441.78,937.401 C440.282,940.678 439.98,944.17 440.627,947.441 C439.016466,948.010854 437.415575,948.607604 435.825,949.231 C433.355,950.201 431.532,951.723 430.332,953.505 C426.798,953.817 423.265,954.139 419.733,954.479 C419.136,953.868 418.534,953.265 417.94,952.653 C417.861,947.357 415.758,942.094 411.656,938.255 C401.757,928.987 391.564,920.033 380.474,912.205 C377.272,909.945 373.992,907.729 370.63,905.631 C362.013,898.29 352.903,891.554 342.979,885.839 C341.450365,884.967513 339.807012,884.314818 338.097,883.9 C322.435,871.365 304.209,861.705 286.144,853.305 C265.478,843.697 243.766,835.844 221.752,829.957 C216.763,828.623 211.476,829.858 207.16,832.618 C195.18,829.73 181.576,828.902 169.974,829.973 C168.329,830.123 166.748,830.546 165.257,831.183 C162.105,830.463 158.959,829.724 155.808,829.021 C155.149,823.758 152.808,818.956 148.802,815.8 C148.721,815.631 148.639,815.465 148.559,815.297 C145.691,802.299 141.802,789.617 137.606,777.021 C135.606693,768.743369 133.753737,760.431073 132.048,752.088 C132.725617,751.097066 133.325733,750.055305 133.843,748.972 C137.404,741.507 139.531,735.362 142.684,728.266 C144.632,723.882 146.124,719.325 147.407,714.707 C150.763,702.626 152.739,690.05 153.802,677.564 C155.344,659.466 155.163,641.159 152.436,623.225 C153.558,614.624 154.124,605.936 154.472,597.35 C155.144,580.723 155.514,564.033 155.662,547.38 C157.604,528.771 158.314,510.068 156.995,491.327 C156.791852,488.377133 155.920185,485.512155 154.446,482.949 C153.439,460.579 151.933,438.229 150.258,415.897 C150.213797,415.354222 150.133283,414.815015 150.017,414.283 C151.875,401.745 153.47,389.175 155.184,376.617 C155.720149,372.720755 156.347989,368.837678 157.067,364.971 C159.431,354.927 161.678,344.791 164.265,334.786 C165.52,330.312 166.788,325.83 168.024,321.338 C171.465,309.965 175.442,298.763 178.471,287.265 C187.944,281.959 193.82,272.914 198.54,263.429 C202.956,254.556 207.689,245.887 212.372,237.145 C221.464,220.168 230.417,203.106 240.659,186.791 C242.784,186.751 244.884,186.309 246.834,185.379 C260.396,178.905 270.883,169.599 281.792,159.654 C284.051,158.253 286.311,156.852 288.552,155.427 C292.226,153.091 295.9,150.636 299.474,148.028 C305.07,146.108 310.844,144.706 316.405,142.675 C320.195,141.291 323.311,138.798 325.522,135.694 C340.723,131.156 356.351,128.104 371.852,124.719 C374.644,124.11 377.241,123.219 379.55,121.935 C383.734,121.529 387.93,121.248 392.129,121.083 C407.884,120.464 423.789,120.521 439.557,120.662 C447.158,120.73 454.751,121.05 462.326,121.683 C462.869,121.728 463.279,121.761 463.593,121.785 L464.546,121.902 C466.408,122.127 468.264,122.408 470.118,122.692 C474.259,123.325 478.341,124.266 482.467,124.972 C508.756,129.469 535.141,133.999 560.238,143.316 C572.213,147.761 584.669,153.346 594.819,161.212 C608.41,171.745 622.437,181.76 636.571,191.551 C642.666,195.773 648.864,199.964 654.417,204.889 C656.699,206.912 659.347,208.476 661.855,210.189 C665.467,212.656 671.209,215.792 675.022,219.218 C675.537,220.836 676.3,223.253 676.235,222.959 C679.343,233.773 681.474,244.873 684.935,255.566 C686.342,259.916 688.89,263.651 692.335,266.166 C693.043,294.645 694.711,323.008 698.047,351.405 C699.956,367.674 701.768,383.985 704.156,400.193 C705.135,406.84 706.395,413.421 707.234,420.092 C708.043,426.531 709.216,434.2 707.458,440.583 C706.04196,445.698463 706.824105,451.17275 709.616,455.687 C705.598,477.657 708.615,499.861 711.002,522.001 C711.208,523.91 711.786,525.71 712.696,527.248 C712.278,533.861 711.845,540.471 711.434,547.073 C710.589,560.615 710.354,574.091 710.309,587.652 C710.261,602.078 709.496,614.258 707.117,627.575 C705.998,633.839 707.817,640.036 711.664,644.389 C716.269,679.218 719.153,714.464 722.037,749.419 C723.521,767.4 725.428,785.35 727.223,803.298 C727.938,810.467 728.675,817.653 729.494,824.833 C729.268,825.059 729.034,825.272 728.816,825.508 C727.215543,827.232882 725.857402,829.167654 724.779,831.259 C714.488,845.139 701.747,857.575 696.145,874.169 C691.144,874.074 686.134,874.192 681.14,874.297 C663.69,874.659 645.901,874.806 628.843,870.575 Z M736.598,983.356 C732.208,982.238 727.749,981.384 723.102,981.277 C717.971,981.161 714.694,984.466 713.645,988.576 C711.951,988.748 710.295,988.994 708.7,989.318 C702.056,988.023 695.251,987.57 688.257,988.13 C687.449,986.431 686.254,984.87 684.664,983.671 C684.342144,983.429844 684.015752,983.194802 683.685,982.966 C683.451,981.121 682.918,979.199 682.021,977.192 C681.209,975.379 680.1,973.747 678.796,972.252 C682.926,972.825 687.054,973.416 691.176,974.066 C700.321,975.511 709.242,976.214 718.191,975.923 C723.767,979.821 730.618,982.097 737.488,982.642 C737.176,982.864 736.881,983.105 736.598,983.356 Z" id="Shape"></path>
                <g id="Group" transform="translate(0.000000, 952.000000)" fill="#333333" fill-rule="nonzero">
                    <path d="M841.268,236.865 C841.015,209.814 840.933,182.743 838.159,155.803 C835.181,126.9 829.763,97.275 816.628,71.116 C807.235,52.403 793.973,36.521 778.567,22.778 C772.144,26.402 765.267,29.744 758.292,31.991 C771.634,42.959 783.51,55.524 792.889,70.315 C807.989,94.115 813.914,122.766 817.297,150.395 C820.8,179.055 820.779,208.01 821.013,236.864 C821.044,240.468 821.083,244.075 821.124,247.67 C821.194,252.977 824.568,256.126 828.559,257.118 C830.401,257.585 832.366,257.575 834.19,257.118 C838.149,256.126 841.441,252.976 841.379,247.67 C841.337,244.066 841.298,240.469 841.268,236.865 Z M0.646,237.01 L20.612,237.01 L20.612,256.976 L0.646,256.976 L0.646,237.01 Z" id="Shape"></path>
                    <path d="M821.413,237.01 L841.38,237.01 L841.38,256.976 L821.413,256.976 L821.413,237.01 Z M657.586,82.929 L657.586,233.472 C657.586,246.534 677.842,246.534 677.842,233.472 L677.842,231.467 C677.842,218.404 657.586,218.404 657.586,231.467 L657.586,233.472 C657.586,246.534 677.842,246.534 677.842,233.472 L677.842,82.929 C677.842,69.866 657.586,69.866 657.586,82.929 Z M168.087,82.929 L168.087,233.472 C168.087,246.534 188.342,246.534 188.342,233.472 L188.342,231.467 C188.342,218.404 168.087,218.404 168.087,231.467 L168.087,233.472 C168.087,246.534 188.342,246.534 188.342,233.472 L188.342,82.929 C188.342,69.866 168.087,69.866 168.087,82.929 Z" id="Shape"></path>
                    <path d="M841.378,250.709 C841.44,256.017 838.148,259.165 834.189,260.158 L7.838,260.158 C3.878,259.165 0.587,256.016 0.648,250.709 C0.689,247.113 0.729,243.508 0.759,239.903 L841.268,239.903 C841.298,243.508 841.337,247.104 841.378,250.709 Z M745.256,25.114 C746.198,25.779 747.137,26.447 748.068,27.126 C749.556,26.209 751.036,25.275 752.516,24.344 C750.085,24.771 747.658,25.043 745.256,25.114 Z" id="Shape"></path>
                    <path d="M657.586,85.967 L657.586,236.51 C657.586,249.573 677.842,249.573 677.842,236.51 L677.842,234.505 C677.842,221.442 657.586,221.442 657.586,234.505 L657.586,236.51 C657.586,249.573 677.842,249.573 677.842,236.51 L677.842,85.967 C677.842,72.904 657.586,72.904 657.586,85.967 Z M168.087,85.967 L168.087,236.51 C168.087,249.573 188.342,249.573 188.342,236.51 L188.342,234.505 C188.342,221.442 168.087,221.442 168.087,234.505 L168.087,236.51 C168.087,249.573 188.342,249.573 188.342,236.51 L188.342,85.967 C188.342,72.904 168.087,72.904 168.087,85.967 Z M93.063,0.35 C71.375,14.7 51.664,31.7 36.286,53.141 C17.924,78.744 10.177,109.723 5.771,140.491 C1.194,172.433 1.062,204.671 0.758,236.866 C0.728,240.47 0.687,244.077 0.647,247.672 C0.586,252.979 3.877,256.128 7.837,257.12 C9.66,257.577 11.625,257.587 13.468,257.12 C17.458,256.128 20.831,252.978 20.902,247.672 C20.942,244.068 20.983,240.47 21.013,236.866 C21.256,209.815 21.347,182.744 24.123,155.804 C26.908,128.733 32.235,100.375 45.553,76.352 C62.411,45.909 90.324,24.434 120.259,7.194 C111.111,5.427 101.953,3.251 93.063,0.35 Z" id="Shape"></path>
                </g>
                <path d="M699.322,262.599 C675.731,182.096 585.266,144.023 510.431,127.62 C431.835,110.392 345.164,112.307 275.353,156.466 C211.597,196.795 173.591,265.914 156.569,337.846 C148.14,373.466 144.481,410.33 144.962,446.906 C145.252,468.997 148.045,490.899 148.989,512.955 C150.262,542.717 148.917,572.501 147.211,602.216 C146.311,617.903 145.327,633.584 144.523,649.275 C144.306,653.5 144.043,657.702 143.6,661.91 C143.398007,663.787439 143.174993,665.662556 142.931,667.535 C142.524,670.724 143.213,665.539 142.759,668.782 C142.569246,670.123289 142.372911,671.463638 142.17,672.803 C139.342,691.641 135.535,710.32 132.432,729.113 C129.32,747.967 126.484,767.132 126.679,786.287 C126.835,801.6 129.202,817.773 139.386,829.814 C150.538,843.001 168.864,841.009 184.36,842.211 C190.938243,842.725885 197.503407,843.396072 204.05,844.221 C204.835,844.32 209.051,844.88 205.707,844.428 C219.353701,846.276425 232.903412,848.78133 246.309,851.934 C308.25,866.47 365.971,895.016 406.514,945.506 C427.26,971.343 441.861,1004.005 449.725,1037.175 C452.7,1049.722 471.984,1044.4 469.01,1031.859 C459.638,992.328 441.634,955.574 415.135,924.715 C392.738,898.635 364.349,877.827 333.804,862.276 C287.305,838.601 235.329,826.107 183.461,822.141 C178.112275,821.736727 172.755813,821.442332 167.395,821.258 L165.577,821.195 C164.66183,821.157512 163.748052,821.09148 162.837,820.997 C165.378,821.252 160.597,820.401 159.655,820.105 C159.124,819.938 156.934,818.981 159.447,820.093 C158.826,819.819 158.231,819.491 157.636,819.163 C157.05,818.841 156.494,818.468 155.939,818.097 C154.013,816.806 157.634,819.53 155.873,818.03 C154.857,817.165 153.955,816.175 153.095,815.158 C154.879,817.267 152.057,813.441 151.586,812.601 C151.234,811.973 150.922,811.324 150.61,810.675 C149.52,808.412 151.394,812.714 150.46,810.329 C149.892,808.879 149.439,807.386 149.016,805.889 C148.567,804.301 148.223,802.685 147.904,801.068 C147.737,800.223 147.602,799.373 147.466,798.523 C147.296,797.357 147.293,797.368 147.46,798.553 C147.386632,797.954694 147.319295,797.355663 147.258,796.756 C146.365,788.46 146.581,780.052 147.104,771.739 C148.309,752.573 151.519,734.963 154.968,715.667 C158.215,697.51 161.769,679.358 163.699,661 C165.043,648.213 165.266,635.274 166.022,622.442 C166.912,607.348 167.839,592.256 168.526,577.151 C169.899,547.005 169.92,516.838 167.291,486.756 C165.699,468.533 164.683,450.381 164.994,432.078 C166.199,361.152 183.578,288.135 226.057,229.744 C246.717,201.346 274.839,177.493 307.208,161.542 C343.641,143.589 386.203,136.682 427.305,137.394 C465.289,138.051 501.766,144.497 538.533,155.562 C576.244,166.911 614.049,184.062 642.979,210.616 C660.342,226.554 673.522,245.676 680.04,267.914 C683.656,280.266 702.958,275.005 699.322,262.599 Z" id="Shape" fill="#333333" fill-rule="nonzero"></path>
                <path d="M435.591,982.489 C444.113,959.817 456.663,938.629 471.3,919.387 C485.583,900.613 503.145,883.482 523.481,871.394 C541.312,860.796 560.436,856.182 580.092,859.864 C602.269,864.017 623.001,874.059 644.727,879.935 C666.228,885.75 689.156,887.373 707.589,872.97 C717.428,865.282 724.695,853.176 728.825,841.564 C732.762,830.496 732.714,818.234 731.765,806.681 C729.434,778.281 725.942,749.972 723.658,721.557 C721.642,696.494 720.059,671.399 718.855,646.284 C714.683,559.259 715.363,472.107 711.995,385.066 C711.034,360.237 709.786,335.395 707.524,310.647 C706.576,300.265 705.416,289.881 703.72,279.592 C702.625,272.952 701.275,266.302 698.314,260.21 C695.932,255.31 689.061,254.028 684.632,256.623 C679.666,259.532 678.661,265.403 681.044,270.305 C681.965,272.2 680.062,267.615 681.084,270.433 C681.409,271.329 681.681,272.244 681.943,273.159 C682.658,275.645 683.19,278.183 683.684,280.72 C684.252,283.632 684.715,286.564 685.15,289.498 C685.269,290.31 685.382,291.122 685.495,291.934 C685.145,289.417 685.54,292.297 685.587,292.662 C685.853007,294.753724 686.103014,296.847452 686.337,298.943 C688.37,316.917 689.525,334.994 690.514,353.051 C692.405,387.566 693.461,422.152 693.807,456.717 C694.817,557.796 697.505,659.071 707.001,759.745 C708.385,774.415 710.003,789.058 711.49,803.716 C712.613,814.786 713.005,825.671 709.539,836.248 C706.431,845.732 698.68,855.784 690.752,860.491 C683.519,864.786 674.689,864.865 665.372,863.869 C643.941,861.576 622.17,851.159 601.267,844.675 C580.043,838.091 558.799,836.141 537.394,843.133 C508.824,852.467 484.655,873.098 465.216,895.437 C444.278,919.5 427.528,947.315 416.305,977.173 C414.385,982.28 418.395,988.127 423.289,989.474 C428.908,991.02 433.675,987.587 435.591,982.489 Z" id="Shape" fill="#333333" fill-rule="nonzero"></path>
                <path d="M411.139,1.027 C327.3,15.66 237.23,40.735 175.568,103.013 C127.117,151.948 104.708,220.242 93.118,286.648 C75.223,389.185 78.005,494.26 58.77,596.603 C51.875,633.285 39.626,668.572 30.455,704.699 C21.96,738.156 15.115,772.184 12.177,806.616 C9.596,836.857 10.103,868.824 20.098,897.797 C29.68,925.571 48.656,947.613 75.949,959.019 C91.331,965.448 108.147,967.896 124.728,968.341 C146.67,968.93 167.934,964.184 189.674,962.319 C243.003,957.744 297.224,965.231 349.649,974.569 C378.388,979.688 406.937,985.798 435.443,992.067 C448.012,994.832 453.354,975.551 440.759,972.782 C389.259,961.455 337.549,950.868 285.096,945.01 C258.438,942.033 231.557,940.413 204.734,941.407 C181.687,942.261 159.186,947.367 136.184,948.261 C127.073,948.615 117.934,948.294 108.881,947.198 C110.91,947.444 107.679,947.018 107.578,947.003 C104.721657,946.5664 101.881565,946.029401 99.063,945.393 C95.222,944.541 91.437,943.453 87.71,942.195 C86.0702989,941.634444 84.4457295,941.030566 82.838,940.384 C80.196,939.335 84.683,941.203 82.105,940.071 C81.3413114,939.73199 80.5825654,939.381953 79.829,939.021 C76.646,937.518 73.576,935.786 70.6,933.908 C69.2683601,933.058358 67.9611645,932.170999 66.68,931.247 C66.356,931.016 64.247,929.418 66.207,930.935 C65.596125,930.457267 64.9920641,929.970885 64.395,929.476 C61.824,927.365 59.416,925.06 57.125,922.65 C55.5561078,920.984982 54.0574676,919.25514 52.633,917.465 C51.009,915.446 53.889,919.146 52.337,917.069 C50.346,914.405 48.545,911.602 46.861,908.736 C45.282,906.048 43.869,903.265 42.549,900.443 C42.215,899.728 41.897,899.005 41.579,898.284 C40.498,895.833 42.372,900.235 41.358,897.743 C40.6579554,896.004603 39.9994352,894.249772 39.383,892.48 C37.077,885.937 35.387,879.187 34.068,872.381 C33.7439424,870.685671 33.4459073,868.985471 33.174,867.281 C33.034,866.42 32.907,865.557 32.78,864.694 C32.352,861.797 33.04,866.789 32.665,863.868 C32.17,860.015 31.816,856.146 31.537,852.272 C30.395,836.417 30.958,820.46 32.348,804.64 C33.84,787.662 36.06,773.497 39.402,756.034 C45.646,723.399 54.321,691.268 63.753,659.427 C92.566,562.157 93.328,459.784 103.484,359.538 C108.017,314.802 114.562,270.312 127.843,227.25 C136.95,197.722 147.791,172.093 165.743,145.994 C170.668,138.834 173.358,135.404 178.824,128.997 C183.975,122.958 189.477,117.224 195.221,111.749 C207.95,99.616 219.749,90.82 234.764,81.443 C271.432,58.546 312.54,44.209 354.254,33.488 C374.787,28.211 395.575,23.955 416.455,20.311 C421.831,19.373 424.779,12.879 423.439,8.01 C421.892,2.384 416.503,0.09 411.139,1.027 Z" id="Shape" fill="#333333" fill-rule="nonzero"></path>
                <path d="M413.797,20.669 C458.202,24.303 502.529,36.274 543.421,54.253 C586.456,73.174 626.692,99.16 659.625,132.864 C675.57,149.183 689.385,167.362 700.611,187.23 C713.583,210.185 722.101,235.495 728.835,260.898 C743.472,316.116 747.559,373.438 752.214,430.157 C756.664,484.384 761.588,538.721 775.152,591.561 C785.458,631.71 796.651,671.611 805.118,712.21 C814.295,756.213 820.745,801.316 818.325,846.366 C816.205,885.825 805.5,926.395 778.108,955.505 C761.822,972.814 740.743,978.358 717.683,975.792 C694.188,973.179 671.487,963.289 649.344,955.584 C629.51,948.682 609.689,943.637 588.77,941.618 C569.11,939.722 549.252,939.486 529.523,940.142 C510.57,940.773 491.474,942.369 472.863,946.118 C460.886,948.531 445.25,952.148 437.107,962.126 C433.665,966.346 432.964,972.125 437.107,976.269 C440.669,979.831 447.798,980.498 451.25,976.269 C451.928209,975.443651 452.673408,974.675709 453.478,973.973 C455.05,972.582 451.546,975.365 453.323,974.096 C453.839,973.728 454.38,973.395 454.918,973.061 C456.093,972.333 457.331,971.711 458.574,971.111 C458.978,970.916 461.294,969.93 458.95,970.905 C459.944735,970.498768 460.949021,970.116325 461.962,969.758 C469.548,967.013 477.547,965.398 485.483,964.057 C503.758,960.969 524.933,959.972 544.654,959.845 C554.696107,959.782942 564.737771,960.027056 574.765,960.577 C579.098,960.815 583.427,961.136 587.749,961.524 C589.74,961.703 591.728,961.911 593.716,962.13 C594.66,962.234 595.604,962.35 596.547,962.465 C597.752,962.62 597.773,962.62 596.61,962.463 C597.194,962.543 597.778,962.626 598.361,962.711 C620.913,965.963 642.27,974.278 663.648,981.798 C686.131,989.706 709.701,997.331 733.834,996.448 C759.445,995.511 781.337,982.876 797.68,963.565 C825.348,930.871 835.898,888.299 838.326,846.366 C840.978,800.565 834.098,754.344 824.96,709.582 C816.621,668.739 805.394,628.605 794.961,588.271 C767.045,480.348 776.341,366.872 748.97,258.854 C742.275,232.429 733.289,206.134 720.533,181.987 C709.561,161.215 695.381,142.122 679.539,124.822 C647.331,89.65 606.82,62.143 563.904,41.736 C516.824,19.348 465.803,4.925 413.798,0.669 C408.358,0.224 403.798,5.555 403.798,10.669 C403.797,16.457 408.366,20.225 413.797,20.669 Z" id="Shape" fill="#333333" fill-rule="nonzero"></path>
                <path d="M337.614,787.68 C327.664,780.521 314.731,778.222 303.3,774.485 C289.182,769.87 275.134,762.805 263.366,753.714 C257.959,749.536 253.055,744.683 247.966,740.132 C242.252,735.022 236.104,730.456 230.454,725.266 C219.532,715.233 209.017,704.299 200.151,692.403 C191.309,680.536 182.866,668.747 172.806,657.853 C170.438505,655.302157 168.107271,652.717898 165.813,650.101 C164.038,648.067 162.483,645.477 160.174,644.034 C153.25,639.705 146.629,650.078 152.843,654.709 C153.271,655.278 153.709,655.839 154.172,656.379 C155.272,657.731 156.422,659.042 157.567,660.354 C159.061815,662.054805 160.579958,663.734964 162.121,665.394 C160.237,666.689 158.773,668.61 158.124,670.941 C158.063,671.162 158.008,671.385 157.948,671.607 C155.4,672.624 153.199,674.707 152.118,677.949 C148.363,689.204 148.085,700.965 148.751,712.742 C147.741,719.05 146.706,725.391 146.04,731.83 C145.093,740.994 144.642,750.535 145.973,759.652 C142.612,760.939 139.931,764.019 139.747,768.705 C139.284,780.513 138.877,792.541 141.88,804.083 C145.131,816.572 153.46,826.043 163.727,833.409 C169.778,837.753 175.892,833.609 177.798,827.939 C188.361,832.109 199.181,835.592 210.292,838.049 C226.256,841.578 243.658,843.253 259.536,838.424 C259.673,838.384 259.801,838.33 259.934,838.284 C264.194,839.871 268.228,840.94 271.233,841.427 C271.34,841.445 271.443,841.451 271.549,841.467 C276.554,844.624 281.475,847.925 286.861,850.429 C288.327,851.109 289.84,851.456 291.318,851.509 C294.949,854.035 298.31,856.824 301.105,860.074 C302.209976,861.784901 303.465637,863.393632 304.857,864.881 C308.789,869.103 314.547,868.273 318.34,865.196 C318.71,868.272 320.354,870.9 323.043,872.801 C329.301,877.224 335.473,868.368 331.32,863.143 L331.33,863.107 C331.708,861.603 332.405,860.243 333.125,858.882 C335.257,854.855 337.935,851.105 340.549,847.382 C346.209,839.322 350.339,831.012 351.697,821.06 C353.511,807.757 348.541,795.542 337.614,787.68 Z M720.351,816.64 C719.611,801.894 717.266,787.253 715.769,772.573 C715.385,768.806 713.623,765.43 710.714,763.528 C709.413,749.863 708.355,736.185 708.302,722.441 C708.285,718.15 706.205,715.196 703.349,713.582 C703.783,712.422 704.039,711.117 704.036,709.642 C704.034,708.479 704.017,707.317 704.009,706.152 C704.57,702.99 705.054,699.899 705.376,696.976 C706.238,689.108 705.989,681.259 705.447,673.416 C708.646,659.79 707.994,644.919 703.655,632.144 C702.695,629.317 701.035,627.342 699.064,626.112 C701.724,621.376 704.051,616.484 705.675,611.303 C706.763,607.835 707.231,604.077 707.208,600.455 C707.155,591.563 693.343,591.196 693.397,600.115 C693.459,610.588 687.123,620.041 681.174,628.841 C679.614,630.009 678.399,631.696 677.794,633.906 C677.359,634.58 676.934,635.25 676.521,635.916 C668.054,649.626 659.925,663.561 650.785,676.837 C642.162,689.366 634.23,701.98 622.715,712.126 C617.348,716.853 611.537,721.063 605.999,725.586 C599.947,730.527 594.684,736.309 588.77,741.408 C577.418,751.194 564.478,758.961 551.905,767.043 C539.504,775.014 528.251,784.377 516.131,792.694 C504.721,800.526 490.549,808.346 484.624,821.504 C478.747,834.551 482.875,848.492 487.268,861.28 C489.413,867.528 492.206,873.536 495.328,879.348 C499.541,887.193 511.647,880.53 507.424,872.668 C506.281985,870.545479 505.180452,868.401425 504.12,866.237 C507.101,867.726 510.795,867.847 514.225,866.047 C517.945,864.094 522.155,863.374 526.39,862.93 C530.018,862.702 533.634,862.338 537.277,861.789 C539.865,861.399 541.755,860.112 543.004,858.356 C548.328,857.218 553.617,855.946 558.847,854.461 C560.802,857.173 563.988,858.97 567.507,858.97 C570.231,858.97 572.52,858.027 574.277,856.48 C575.193,856.98 576.251,857.342 577.471,857.521 C577.602,857.541 577.729,857.567 577.86,857.588 C578.543,857.808 579.227,858.021 579.91,858.241 C602.524,865.955 624.796,874.694 647.868,880.988 C648.584691,881.182508 649.317232,881.31302 650.057,881.378 C651.853,881.983 653.657,882.568 655.479,883.104 C663.308,885.409 671.239,885.991 678.266,883.826 C680.876,889.042 688.425,891.996 693.419,888.446 C700.576,883.357 705.741,876.589 709.847,869.111 C712.907,868.279 715.515,865.961 716.454,861.806 C719.812464,847.000076 721.123691,831.803375 720.351,816.641 L720.351,816.64 Z" id="Shape" fill="#333333" fill-rule="nonzero"></path>
                <path d="M436.083,1063.916 C408.842,1063.916 386.761,1085.998 386.761,1113.238 C386.761,1140.478 408.843,1162.56 436.083,1162.56 C463.323,1162.56 485.405,1140.478 485.405,1113.238 C485.405,1085.998 463.323,1063.916 436.083,1063.916 Z M436.083,1143.318 C419.471,1143.318 406.003,1129.851 406.003,1113.238 C406.003,1096.625 419.471,1083.158 436.083,1083.158 C452.695,1083.158 466.163,1096.625 466.163,1113.238 C466.163,1129.851 452.695,1143.318 436.083,1143.318 Z" id="Shape" fill="#E20011" fill-rule="nonzero"></path>
            </g>
        </g>
    </g>
</svg>