<?xml version="1.0" encoding="UTF-8"?>
<svg width="1165px" height="1219px" viewBox="0 0 1165 1219" version="1.1" xmlns="http://www.w3.org/2000/svg" xmlns:xlink="http://www.w3.org/1999/xlink">
    <!-- Generator: Sketch 51.3 (57544) - http://www.bohemiancoding.com/sketch -->
    <title>Artboard</title>
    <desc>Created with Sketch.</desc>
    <defs></defs>
    <g id="Artboard" stroke="none" stroke-width="1" fill="none" fill-rule="evenodd">
        <text id="684A23" fill="#FFFFFF" font-family="Muli" font-size="64" font-weight="normal">
            <tspan x="464.344" y="646">684A23</tspan>
        </text>
        <path d="M503.962,871.63 C503.379,872.086 502.79,872.529 502.199,872.971 C502.807,873.907 503.398,874.7 503.962,875.263 C507.519,878.82 508.332,868.212 503.962,871.63 Z" id="Shape" fill="#54361F" fill-rule="nonzero"></path>
        <circle id="Oval" stroke="#333333" stroke-width="5" fill="#6EE80F" fill-rule="nonzero" cx="582.841" cy="1027.663" r="19.397"></circle>
        <path d="M585.314,1024.534 C594.686,1018.865 602.759,1010.902 610.338,1003.086 C620.564,992.538 629.929,981.139 638.605,969.29 C646.784,958.12 654.384,946.29 659.901,933.559 C663.735,924.711 667.492,913.99 664.488,904.338 C662.579,898.201 652.924,900.821 654.845,906.996 C657.228,914.652 653.308,924.094 650.058,931.228 C644.551,943.32 637.078,954.536 629.248,965.228 C621.315,976.062 612.572,986.336 603.267,996.014 C596.314,1003.245 588.905,1010.674 580.267,1015.899 C574.759,1019.231 579.782,1027.881 585.314,1024.534 Z M573.39,1009.405 C562.15,980.426 544.758,952.833 525.373,928.637 C521.34,923.604 514.312,930.728 518.302,935.707 C527.604,947.317 535.828,959.796 543.516,972.52 C551.149,985.154 558.4,998.279 563.747,1012.063 C566.053,1018.009 575.725,1015.426 573.39,1009.405 Z M1004.397,1195.266 C1004.142,1168.131 1004.06,1140.977 1001.277,1113.953 C998.292,1084.959 992.855,1055.244 979.68,1029.004 C970.258,1010.234 956.954,994.303 941.5,980.518 C935.058,984.152 928.161,987.506 921.163,989.758 C934.547,1000.761 946.458,1013.364 955.865,1028.202 C971.013,1052.074 976.956,1080.814 980.349,1108.528 C983.865,1137.278 983.844,1166.322 984.078,1195.265 C984.108,1198.88 984.148,1202.497 984.188,1206.104 C984.26,1211.427 987.643,1214.586 991.647,1215.582 C993.495,1216.05 995.465,1216.04 997.293,1215.582 C1001.266,1214.587 1004.567,1211.428 1004.506,1206.104 C1004.468,1202.488 1004.427,1198.881 1004.397,1195.266 Z" id="Shape" fill="#333333" fill-rule="nonzero"></path>
        <path d="M1004.508,1209.152 C1004.57,1214.476 1001.268,1217.634 997.295,1218.631 L168.389,1218.631 C164.417,1217.635 161.115,1214.477 161.176,1209.152 C161.217,1205.546 161.257,1201.928 161.288,1198.312 L1004.398,1198.312 C1004.427,1201.929 1004.468,1205.536 1004.508,1209.152 Z" id="Shape" fill="#333333" fill-rule="nonzero"></path>
        <path d="M820.147,1043.899 L820.147,1194.908 C820.147,1208.011 840.465,1208.011 840.465,1194.908 L840.465,1192.898 C840.465,1179.794 820.147,1179.794 820.147,1192.898 L820.147,1194.908 C820.147,1208.011 840.465,1208.011 840.465,1194.908 L840.465,1043.899 C840.466,1030.797 820.147,1030.797 820.147,1043.899 Z M329.133,1043.899 L329.133,1194.908 C329.133,1208.011 349.451,1208.011 349.451,1194.908 L349.451,1192.898 C349.451,1179.794 329.133,1179.794 329.133,1192.898 L329.133,1194.908 C329.133,1208.011 349.451,1208.011 349.451,1194.908 L349.451,1043.899 C349.451,1030.797 329.133,1030.797 329.133,1043.899 Z M253.877,958.019 C232.122,972.413 212.35,989.465 196.925,1010.973 C178.507,1036.655 170.735,1067.73 166.316,1098.594 C161.725,1130.634 161.592,1162.97 161.288,1195.266 C161.257,1198.881 161.217,1202.498 161.176,1206.105 C161.115,1211.428 164.417,1214.587 168.389,1215.583 C170.217,1216.041 172.188,1216.051 174.037,1215.583 C178.039,1214.588 181.422,1211.429 181.494,1206.105 C181.535,1202.489 181.576,1198.881 181.605,1195.266 C181.849,1168.131 181.94,1140.977 184.724,1113.953 C187.518,1086.798 192.861,1058.352 206.22,1034.256 C223.13,1003.717 251.129,982.177 281.157,964.884 C271.981,963.11 262.795,960.929 253.877,958.019 Z" id="Shape" fill="#333333" fill-rule="nonzero"></path>
        <g id="Group" transform="translate(191.000000, 857.000000)" fill="#333333" fill-rule="nonzero">
            <path d="M568.002,49.723 C522.1,89.76 481.939,135.488 439.687,179.208 C417.797,201.857 396.024,224.422 374.823,247.739 C355.391,269.111 336.052,290.573 316.276,311.628 C308.943,319.436 301.56,327.214 293.866,334.67 C291.425,337.034 288.944,339.367 286.326,341.537 C284.331,343.189 287.438,340.717 286.684,341.279 C286.308,341.56 285.92,341.824 285.526,342.078 C283.466,343.402 288.148,341.414 288.605,341.472 C283.183,340.786 278.605,346.539 278.605,351.472 C278.605,357.441 283.198,360.788 288.605,361.472 C296.226,362.436 304.617,352.13 309.378,347.477 C319.658,337.43 329.445,326.871 339.221,316.336 C363.63,290.033 387.518,263.253 411.825,236.857 C431.913,215.043 453.114,194.328 473.463,172.757 C508.678,135.428 543.416,97.643 582.144,63.865 C586.254,60.28 585.8,53.379 582.144,49.722 C578.096,45.674 572.106,46.144 568.002,49.723 Z" id="Shape"></path>
            <path d="M208.393,66.913 C234.032,98.219 263.637,126.049 291.972,154.851 C320.017,183.358 348.274,212.878 368.348,247.741 C374.78,258.912 392.065,248.844 385.618,237.647 C365.273,202.315 336.828,172.093 308.475,143.115 C279.431,113.431 248.89,84.952 222.536,52.771 C219.078,48.548 211.96,49.205 208.393,52.771 C204.255,56.909 204.942,62.7 208.393,66.913 Z M641.142,87.817 C562.834,167.732 491.09,253.662 415.624,336.191 C406.941,345.687 421.046,359.871 429.767,350.334 C505.233,267.805 576.976,181.874 655.285,101.96 C664.313,92.745 650.18,78.594 641.142,87.817 Z" id="Shape"></path>
            <path d="M541.05,198.894 C531.763,222.345 525.892,246.933 519.923,271.384 C514.305,294.399 508.956,317.97 499.392,339.739 C497.2,344.729 497.879,350.433 502.98,353.421 C507.271,355.935 514.468,354.826 516.662,349.833 C537.153,303.192 541.617,251.481 560.336,204.21 C562.346,199.135 558.178,193.236 553.352,191.909 C547.663,190.345 543.055,193.83 541.05,198.894 Z M208.393,202.352 C226.103,219.646 244.231,236.646 260.919,254.948 C277.701,273.354 293.113,293.042 308.962,312.24 C312.437,316.448 319.526,315.817 323.105,312.24 C327.231,308.113 326.572,302.297 323.105,298.097 C307.251,278.895 291.81,259.247 275.061,240.806 C258.412,222.474 240.241,205.499 222.536,188.209 C213.306,179.197 199.153,193.328 208.393,202.352 Z" id="Shape"></path>
            <path d="M225.464,344.787 L225.464,195.28 C225.464,182.383 205.464,182.383 205.464,195.28 L205.464,344.787 C205.464,357.685 225.464,357.685 225.464,344.787 Z" id="Shape"></path>
            <path d="M225.464,198.511 C223.423,159.086 198.734,123.944 165.236,104.162 C127.842,82.08 81.955,83.756 45.851,107.588 C35.141,114.658 45.147,131.985 55.946,124.858 C71.382,114.669 88.587,108.487 107.176,108.227 C124.062,107.991 140.55,113.04 155.142,121.432 C182.696,137.278 203.837,167.07 205.465,198.511 C206.128,211.342 226.131,211.406 225.464,198.511 Z M588.359,347.736 L588.359,209.503 C588.359,196.606 568.359,196.606 568.359,209.503 L568.359,347.736 C568.359,360.634 588.359,360.634 588.359,347.736 Z" id="Shape"></path>
            <path d="M588.359,212.734 C590.002,181.019 611.216,151.874 638.682,135.654 C652.828,127.3 668.914,122.678 685.295,122.45 C704.265,122.184 722.187,128.723 737.878,139.081 C748.677,146.209 758.683,128.882 747.972,121.811 C729.683,109.738 708.616,102.756 686.648,102.45 C666.312,102.165 646.119,108.303 628.588,118.385 C594.984,137.71 570.383,173.645 568.359,212.735 C567.691,225.63 587.695,225.564 588.359,212.734 Z M304.644,5.729 C309.424,5.083 305.237,5.636 304.052,5.774 C302.596,5.944 301.138,6.102 299.68,6.258 C295.923,6.662 292.164,7.045 288.405,7.432 C277.762,8.527 267.121,9.637 256.487,10.823 C227.229,14.085 198.011,17.864 168.966,22.682 C140.128,27.465 111.2,33.118 83.332,42.074 C63.694,48.385 40.056,56.626 27.833,74.446 C14.569,93.786 30.693,113.223 45.851,124.858 C50.187,128.186 57.038,125.53 59.533,121.27 C62.55,116.121 60.261,110.901 55.946,107.588 C58.079,109.226 54.657,106.512 54.115,106.054 C53.1221449,105.210481 52.1514809,104.341185 51.204,103.447 C49.378507,101.735179 47.6747015,99.8980494 46.105,97.949 C48.252,100.615 46.043,97.787 45.586,97.097 C45.0740909,96.312603 44.5979372,95.5054441 44.159,94.678 C43.949,94.286 43.757,93.886 43.567,93.485 C42.798,91.87 44.55,95.936 43.909,94.299 C43.5711683,93.4149274 43.2928799,92.5092371 43.076,91.588 C42.427,88.921 43.034,91.809 43.014,91.592 C42.9525011,90.8506407 42.9394734,90.1060569 42.975,89.363 C43.08,86.512 42.513,91.684 42.934,89.471 C43.096,88.622 43.348,87.792 43.63,86.977 C44.358,84.873 42.392,89.493 43.684,86.926 C44.04,86.22 44.452,85.543 44.878,84.877 C45.098,84.534 45.335,84.201 45.57,83.868 C46.572,82.454 43.928,85.931 45.026,84.561 C45.6718696,83.768018 46.3539259,83.0052095 47.07,82.275 C48.388,80.908 49.83,79.664 51.311,78.477 C48.551,80.689 51.491,78.375 52.171,77.896 C53.2093734,77.1706936 54.2663959,76.4724585 55.341,75.802 C59.637,73.097 64.197,70.822 68.82,68.734 C69.489,68.432 73.508,66.727 70.758,67.876 C72.0466823,67.3413941 73.3410909,66.8206972 74.641,66.314 C77.5949182,65.1653185 80.5718656,64.0767607 83.57,63.049 C89.804,60.896 96.124,58.994 102.476,57.22 C131.384,49.143 161.079,43.873 190.723,39.351 C206.734,36.909 217.313,35.503 232.831,33.591 C245.393,32.044 257.971,30.63 270.557,29.289 C283.69,27.891 296.87,26.781 309.96,25.013 C315.373,24.282 318.242,17.427 316.944,12.712 C315.355,6.936 310.041,4.999 304.644,5.729 Z" id="Shape"></path>
            <path d="M35.185,61.413 C20.278,72.581 8.046,86.47 2.535,104.57 C-2.766,121.98 0.825,140.31 8.63,156.314 C11.018,161.211 17.879,162.499 22.312,159.902 C27.273,156.996 28.289,151.12 25.899,146.22 C20.308,134.756 18.379,122.261 21.82,109.887 C25.363,97.142 34.894,86.461 45.279,78.682 C49.632,75.42 51.859,70.108 48.866,65 C46.348,60.7 39.558,58.137 35.185,61.413 Z M474.298,20.374 C491.499,22.704 508.797,24.343 526.027,26.454 C532.462,27.243 538.893,28.062 545.321,28.911 L547.761,29.235 C550.529,29.604 545.607,28.944 548.393,29.32 C553.772516,30.0473367 559.148576,30.8000117 564.521,31.578 C579.536,33.749 594.519,36.139 609.453,38.808 C638.397,43.985 667.4,50.056 695.339,59.341 C701.231,61.299 707.06,63.449 712.791,65.839 C710.103,64.719 714.162,66.455 714.828,66.754 C716.041,67.298 717.244,67.864 718.443,68.439 C720.894304,69.6167243 723.306897,70.8733805 725.677,72.207 C727.686977,73.3388455 729.653385,74.5463769 731.572,75.827 C732.467152,76.4291069 733.349353,77.0502483 734.218,77.69 C734.769,78.094 736.317,79.335 733.841,77.387 C734.367,77.801 734.881,78.232 735.392,78.664 C736.82702,79.8833915 738.181212,81.1948261 739.446,82.59 C740.044,83.247 742.054,85.896 739.814,82.923 C740.394,83.693 740.918,84.502 741.413,85.329 C741.753,85.895 742.055,86.484 742.344,87.078 C743.383,89.203 741.427,84.62 742.214,86.821 C742.425,87.412 742.59,88.018 742.741,88.627 C743.402,91.281 742.77,88.224 742.802,88.539 C742.921,89.746 742.474,94.127 743.032,90.023 C742.833,91.486 742.417,92.911 741.908,94.294 C741.555,95.253 743.092,91.801 741.866,94.288 C741.519679,94.9742764 741.146729,95.6467874 740.748,96.304 C740.331,97.004 739.871,97.679 739.405,98.347 C738.033,100.311 740.805,96.726 738.701,99.228 C737.306,100.884 735.774,102.419 734.198,103.901 C733.402249,104.642094 732.589704,105.364948 731.761,106.069 C731.222,106.533 727.804,109.237 729.953,107.588 C725.638,110.901 723.349,116.12 726.365,121.27 C728.86,125.53 735.711,128.186 740.047,124.858 C755.632,112.894 770.727,93.947 758.038,74.199 C746.395,56.077 722.191,47.445 702.874,40.806 C675.182,31.29 646.273,25.262 617.514,20.019 C588.403,14.712 559.084,10.57 529.724,6.912 C518.754,5.546 507.773,4.271 496.787,3.032 C492.828,2.586 488.868,2.145 484.91,1.693 C483.433146,1.52549761 481.956806,1.35349681 480.481,1.177 C479.269,1.031 474.781,0.434 479.614,1.089 C474.217,0.358 468.902,2.297 467.313,8.073 C466.016,12.789 468.885,19.642 474.298,20.374 Z" id="Shape"></path>
            <path d="M740.62,78.683 C751.197,86.608 760.184,97.099 764.078,109.888 C767.784,122.059 765.487,134.967 759.999,146.221 C757.609,151.12 758.625,156.996 763.587,159.903 C768.021,162.5 774.88,161.213 777.269,156.315 C785.218,140.015 788.287,122.275 783.365,104.571 C778.346,86.522 765.361,72.386 750.715,61.414 C746.342,58.138 739.553,60.701 737.033,65.002 C734.04,70.108 736.267,75.421 740.62,78.683 Z M148.275,107.472 C165.486,90.659 190.75,83.489 212.284,73.987 C217.273,71.786 218.388,64.602 215.871,60.305 C212.887,55.21 207.176,54.517 202.189,56.717 C179.205,66.86 152.821,75.072 134.132,93.329 C124.895,102.354 139.047,116.485 148.275,107.472 Z" id="Shape"></path>
            <path d="M221.263,70.721 C242.477,54.061 271.422,41.873 298.511,40.632 C311.353,40.044 311.41,20.041 298.511,20.632 C265.683,22.136 232.754,36.449 207.121,56.578 C202.827,59.951 203.614,67.213 207.121,70.721 C211.318,74.917 216.98,74.084 221.263,70.721 Z M466.956,10.731 C467.139,14.688 467.382,18.679 467.14,22.639 C467.03,23.789 467.092,23.354 467.328,21.333 L467.257,21.633 C467.672611,20.2134678 468.442003,18.9227738 469.493,17.882 C464.706,23.281 480.222,9.444 470.868,16.667 C463.694,22.208 465.29,31.185 465.771,39.278 C466.533,52.092 486.538,52.167 485.771,39.278 C485.54,35.382 485.246,31.456 485.406,27.55 C485.497,26.404 485.424,26.85 485.185,28.889 C485.037,29.873 482.374,32.845 481.051,33.868 C479.973,34.7 478.047,35.118 479.036,34.719 C481.966,33.539 481.071,34.025 483.542,32.097 C489.073,27.781 487.226,16.586 486.955,10.731 C486.362,-2.109 466.359,-2.167 466.956,10.731 Z" id="Shape"></path>
            <path d="M467.145,28.492 C459.502,50.068 452.641,73.49 437.643,91.33 C431.105,99.107 423.49,104.019 414.291,108.099 C409.593,110.183 404.473,111.723 399.439,112.896 C396.868,113.495 396.222,113.563 394.024,113.697 C392.999,113.76 391.974,113.718 390.951,113.668 C392.933,113.766 389.762,113.315 389.231,113.136 C376.986,108.972 371.774,128.294 383.915,132.421 C394.916,136.161 408.082,131.899 418.407,127.873 C429.959,123.369 440.215,117.577 448.928,108.635 C468.663,88.379 477.222,59.805 486.429,33.81 C488.25,28.668 484.414,22.876 479.445,21.509 C473.904,19.983 468.963,23.358 467.145,28.492 Z M297.302,18.263 C296.985,24.96 295.35,34.399 302.277,38.477 C306.937,41.221 314.087,39.559 316.335,34.353 C316.795,33.287 317.249,32.255 317.64,31.174 C317.696,31.018 317.754,30.862 317.814,30.708 C317.217,32.255 316.908,33.428 315.549,34.567 L311.136,37.138 L311.178,37.128 L303.472,36.12 L303.512,36.141 L299.924,32.554 C299.106,30.226 298.803,29.523 299.014,30.443 C298.749,28.084 298.65,27.418 298.719,28.445 C298.762,29.163 298.735,29.886 298.721,30.604 C298.667,33.351 298.483,36.098 298.317,38.84 C297.987,44.286 303.115,48.84 308.317,48.84 C314.018,48.84 317.987,44.278 318.317,38.84 C318.704,32.45 320.59,22.569 313.567,18.851 C308.86,16.359 301.936,17.565 299.591,22.865 C299.128,23.913 298.681,24.949 298.294,26.02 C298.236,26.181 298.177,26.34 298.116,26.499 C299.074,23.998 299.247,23.253 302.325,21.202 L307.372,19.837 L307.324,19.841 L312.371,21.207 C312.356451,21.1972693 312.341433,21.1882585 312.326,21.18 L315.913,24.768 C316.752,27.077 317.049,27.773 316.803,26.859 C317.079,29.203 317.17,29.861 317.074,28.832 C317.009,28.1 317.021,27.357 317.021,26.622 C317.02,23.835 317.17,21.046 317.302,18.263 C317.56,12.814 312.558,8.263 307.302,8.263 C301.655,8.263 297.56,12.819 297.302,18.263 Z" id="Shape"></path>
            <path d="M297.659,33.371 C306.972,59.659 315.668,87.409 335.16,108.196 C343.871,117.486 354.68,122.974 366.355,127.604 C376.297,131.545 389.856,136.175 400.482,132.419 C405.617,130.605 408.99,125.656 407.466,120.118 C406.099,115.145 400.308,111.316 395.165,113.134 C394.436,113.392 393.729,113.578 392.972,113.732 C395.398,113.241 392.549,113.614 392.104,113.616 C389.39,113.628 389.665,113.529 387.338,113.087 C381.977,112.066 376.755,110.273 371.672,108.318 C362.828,104.918 354.977,100.105 348.333,93.019 C331.837,75.427 324.804,50.239 316.944,28.054 C315.126,22.921 310.185,19.545 304.643,21.07 C299.674,22.438 295.837,28.229 297.659,33.371 Z M485.879,40.792 C488.68,39.949 483.698,40.815 486.376,40.657 C487.61,40.585 488.853,40.649 490.085,40.722 C490.817,40.765 495.281,41.294 492.746,40.944 C494.822,41.231 496.886,41.605 498.944,41.996 C507.795,43.671 516.525,46.01 525.176,48.497 C533.811361,50.9742574 542.364484,53.729693 550.822,56.759 C552.51,57.365 554.191,57.993 555.867,58.634 C556.725,58.962 561.737,61.03 559.109,59.905 C561.073,60.746 563.079,61.622 564.862,62.811 C575.625,69.992 585.627,52.661 574.956,45.541 C569.875,42.15 563.579,40.213 557.89,38.109 C548.884,34.781 539.712,31.886 530.494,29.21 C521.244,26.525 511.89,24.101 502.412,22.364 C495.575,21.112 487.44,19.435 480.562,21.506 C468.245,25.214 473.497,44.519 485.879,40.792 Z" id="Shape"></path>
            <path d="M576.733,69.237 C595.164,74.734 613.408,80.985 631.281,88.091 C639.99,91.554 648.848,95.452 657.357,100.102 C659.03,101.016 660.67,101.987 662.292,102.988 C663.034,103.447 663.762,103.928 664.488,104.412 C664.884,104.676 667.758,106.803 665.676,105.184 C666.748056,106.023503 667.762971,106.933519 668.714,107.908 C669.192,108.392 670.464,110.074 668.631,107.64 C669.029,108.168 669.348,108.747 669.638,109.34 C672.035,114.233 678.88,115.528 683.32,112.928 C688.275,110.026 689.306,104.141 686.908,99.246 C683.614,92.524 676.212,87.946 670.006,84.28 C660.525,78.679 650.251,74.392 640.087,70.215 C621.149,62.431 601.67,55.802 582.051,49.951 C569.659,46.257 564.404,65.561 576.733,69.237 Z" id="Shape"></path>
            <path d="M659.5,96.5 C659.141,96.5 658.796,96.521 658.456,96.551 C657.008,95.589 655.195,95 653,95 C640.103,95 640.103,115 653,115 C653.359,115 653.704,114.979 654.044,114.949 C655.492,115.911 657.305,116.5 659.5,116.5 C672.397,116.5 672.397,96.5 659.5,96.5 Z" id="Shape"></path>
        </g>
    </g>
</svg>