<?xml version="1.0" encoding="UTF-8" standalone="no"?>
<!-- Generator: Adobe Illustrator 19.0.0, SVG Export Plug-In . SVG Version: 6.00 Build 0)  -->

<svg
   xmlns:dc="http://purl.org/dc/elements/1.1/"
   xmlns:cc="http://creativecommons.org/ns#"
   xmlns:rdf="http://www.w3.org/1999/02/22-rdf-syntax-ns#"
   xmlns:svg="http://www.w3.org/2000/svg"
   xmlns="http://www.w3.org/2000/svg"
   xmlns:sodipodi="http://sodipodi.sourceforge.net/DTD/sodipodi-0.dtd"
   xmlns:inkscape="http://www.inkscape.org/namespaces/inkscape"
   version="1.1"
   id="Capa_1"
   x="0px"
   y="0px"
   viewBox="0 0 899.00001 1416"
   xml:space="preserve"
   sodipodi:docname="Earring-tribal.svg"
   width="899"
   height="1416"
   inkscape:version="0.92.2 5c3e80d, 2017-08-06"><metadata
     id="metadata89"><rdf:RDF><cc:Work
         rdf:about=""><dc:format>image/svg+xml</dc:format><dc:type
           rdf:resource="http://purl.org/dc/dcmitype/StillImage" /><dc:title /></cc:Work></rdf:RDF></metadata><defs
     id="defs87" /><sodipodi:namedview
     pagecolor="#ffffff"
     bordercolor="#666666"
     borderopacity="1"
     objecttolerance="10"
     gridtolerance="10"
     guidetolerance="10"
     inkscape:pageopacity="0"
     inkscape:pageshadow="2"
     inkscape:window-width="2560"
     inkscape:window-height="1396"
     id="namedview85"
     showgrid="false"
     inkscape:zoom="1.8437536"
     inkscape:cx="492.92763"
     inkscape:cy="776.67644"
     inkscape:window-x="0"
     inkscape:window-y="1"
     inkscape:window-maximized="0"
     inkscape:current-layer="Capa_1" /><circle
     style="fill:#ffe477;stroke-width:0.34364861"
     cx="751.72754"
     cy="784.05511"
     r="10.610838"
     id="circle4" /><path
     inkscape:connector-curvature="0"
     style="fill:#ffd422;stroke-width:0.34364861"
     d="m 751.39623,784.05612 c 0,-3.99491 2.20863,-7.47298 5.47089,-9.28298 -1.52305,-0.84503 -3.27497,-1.3282 -5.13995,-1.3282 -5.86024,0 -10.61084,4.7506 -10.61084,10.61084 0,5.86024 4.7506,10.61084 10.61084,10.61084 1.86498,0 3.6169,-0.48283 5.13995,-1.32821 -3.26157,-1.80931 -5.47089,-5.28737 -5.47089,-9.28229 z"
     id="path6" /><circle
     style="fill:#57e5d0;stroke-width:0.34364861"
     cx="751.72754"
     cy="770.47101"
     r="5.3550763"
     id="circle8" /><path
     inkscape:connector-curvature="0"
     style="fill:#28c6af;stroke-width:0.34364861"
     d="m 751.51204,770.47032 c 0,-2.02581 1.12545,-3.78873 2.78528,-4.69802 -0.76325,-0.41822 -1.63852,-0.65706 -2.57015,-0.65706 -2.95744,0 -5.35508,2.39764 -5.35508,5.35508 0,2.95744 2.39764,5.35507 5.35508,5.35507 0.93163,0 1.8069,-0.23849 2.57015,-0.65705 -1.65948,-0.90998 -2.78528,-2.67221 -2.78528,-4.69802 z"
     id="path10" /><path
     inkscape:connector-curvature="0"
     style="fill:#9a4c00;stroke-width:0.34364861"
     d="m 755.99185,818.78525 c 3.92275,-11.16824 -1.9509,-23.40213 -13.11913,-27.32453 -11.16824,-3.92241 -23.40178,1.95123 -27.32453,13.11947 -1.53577,4.37327 -2.57874,17.26078 -3.2791,31.32288 -0.0945,1.89523 1.69728,3.32515 3.52549,2.81689 l 7.03552,-1.95536 -10.36547,11.97684 c -0.49932,0.57733 -0.78696,1.30965 -0.81307,2.07255 -0.0918,2.67839 -0.1732,5.30696 -0.24468,7.83106 -0.10756,3.79388 2.25055,6.53791 5.2073,7.57642 2.9571,1.03851 6.51318,0.37183 8.80153,-2.65606 1.52271,-2.01447 3.10246,-4.11622 4.70593,-6.26403 0.45636,-0.61169 0.69039,-1.36291 0.66152,-2.12581 l -0.59967,-15.82811 4.26743,5.92554 c 1.10861,1.53989 3.40144,1.54435 4.51245,0.006 8.24722,-11.41188 15.49271,-22.121 17.02848,-26.49393 z"
     id="path12" /><path
     inkscape:connector-curvature="0"
     style="fill:#663a00;stroke-width:0.34364861"
     d="m 715.54819,804.58019 c -1.53577,4.37327 -2.57874,17.26078 -3.2791,31.32288 -0.0945,1.89523 1.69728,3.32515 3.52549,2.81689 l 7.03552,-1.95536 -10.36547,11.97684 c -0.49932,0.57733 -0.78696,1.30965 -0.81307,2.07255 -0.0918,2.67839 -0.1732,5.30696 -0.24468,7.83106 -0.10756,3.79388 2.25055,6.53791 5.2073,7.57642 l 26.25819,-74.76041 c -11.16789,-3.92309 -23.40109,1.95089 -27.32418,13.11913 z"
     id="path14" /><path
     inkscape:connector-curvature="0"
     style="fill:#9a4c00;stroke-width:0.34364861"
     d="m 747.46283,818.78525 c -3.92275,-11.16824 1.9509,-23.40213 13.11913,-27.32453 11.16824,-3.92241 23.40178,1.95123 27.32453,13.11947 1.53577,4.37327 2.57874,17.26078 3.2791,31.32288 0.0945,1.89523 -1.69728,3.32515 -3.52549,2.81689 l -7.03552,-1.95536 10.36547,11.97684 c 0.49932,0.57733 0.78696,1.30965 0.81307,2.07255 0.0918,2.67839 0.1732,5.30696 0.24468,7.83106 0.10756,3.79388 -2.25055,6.53791 -5.20731,7.57642 -2.95709,1.03851 -6.51317,0.37183 -8.80152,-2.65606 -1.52271,-2.01447 -3.10246,-4.11622 -4.70593,-6.26403 -0.45636,-0.61169 -0.69039,-1.36291 -0.66152,-2.12581 l 0.59967,-15.82811 -4.26743,5.92554 c -1.10861,1.53989 -3.40144,1.54435 -4.51245,0.006 -8.24722,-11.41188 -15.49271,-22.121 -17.02848,-26.49393 z"
     id="path16" /><path
     inkscape:connector-curvature="0"
     style="fill:#663a00;stroke-width:0.34364861"
     d="m 787.90649,804.58019 c 1.53577,4.37327 2.57874,17.26078 3.2791,31.32288 0.0945,1.89523 -1.69728,3.32515 -3.52549,2.81689 l -7.03552,-1.95536 10.36547,11.97684 c 0.49932,0.57733 0.78696,1.30965 0.81307,2.07255 0.0918,2.67839 0.1732,5.30696 0.24468,7.83106 0.10756,3.79388 -2.25055,6.53791 -5.20731,7.57642 l -26.25818,-74.76041 c 11.16789,-3.92309 23.40109,1.95089 27.32418,13.11913 z"
     id="path18" /><g
     id="g24"
     transform="matrix(0.3436486,0,0,0.3436486,663.75347,715.25561)"><path
       inkscape:connector-curvature="0"
       style="fill:#ff5c5c"
       d="m 335.358,290.21 c 0,-43.829 -35.53,-79.358 -79.358,-79.358 -43.829,0 -79.358,35.53 -79.358,79.358 0,8.462 2.96,23.156 7.736,41.354 1.182,4.505 6.397,6.579 10.353,4.122 l 61.271,-38.041 61.271,38.041 c 3.957,2.457 9.171,0.382 10.353,-4.122 4.772,-18.198 7.732,-32.891 7.732,-41.354 z"
       id="path20" /><path
       inkscape:connector-curvature="0"
       style="fill:#ff5c5c"
       d="m 256,297.645 -52.651,67.712 c -4.193,5.393 -5.478,12.501 -3.411,19.013 12.781,40.275 28.312,84.411 39.785,116.196 5.502,15.243 27.054,15.243 32.556,0 11.472,-31.785 27.004,-75.922 39.785,-116.196 2.066,-6.511 0.782,-13.621 -3.411,-19.013 z"
       id="path22" /></g><g
     id="g30"
     transform="matrix(0.3436486,0,0,0.3436486,663.75347,715.25561)"><path
       inkscape:connector-curvature="0"
       style="fill:#ff3333"
       d="m 199.937,384.37 c 12.781,40.275 28.313,84.411 39.785,116.196 2.751,7.622 9.514,11.432 16.278,11.432 V 297.645 l -52.651,67.712 c -4.194,5.394 -5.479,12.502 -3.412,19.013 z"
       id="path26" /><path
       inkscape:connector-curvature="0"
       style="fill:#ff3333"
       d="m 176.641,290.21 c 0,8.462 2.96,23.156 7.736,41.354 1.182,4.505 6.397,6.579 10.353,4.122 l 61.271,-38.041 v -86.794 c -43.831,0.001 -79.36,35.531 -79.36,79.359 z"
       id="path28" /></g><path
     inkscape:connector-curvature="0"
     style="fill:#ffe477;stroke-width:0.34364861"
     d="m 769.82095,840.81038 -18.09344,-23.26914 -18.09344,23.26914 c -1.44092,1.85329 -1.88251,4.29595 -1.17219,6.53413 1.94952,6.14306 4.08495,12.54695 6.20217,18.72541 l 13.06381,-18.4309 13.06345,18.4309 c 2.11722,-6.17846 4.25265,-12.58235 6.20217,-18.72541 0.70998,-2.23818 0.26839,-4.68084 -1.17253,-6.53413 z"
     id="path32" /><path
     inkscape:connector-curvature="0"
     style="fill:#ffd422;stroke-width:0.34364861"
     d="m 751.72751,817.5409 -18.09344,23.26913 c -1.44092,1.8533 -1.88251,4.29595 -1.17219,6.53379 1.94952,6.14306 4.08495,12.54696 6.20217,18.72541 l 13.06346,-18.43056 z"
     id="path34" /><path
     inkscape:connector-curvature="0"
     style="fill:#57e5d0;stroke-width:0.34364861"
     d="m 751.72751,787.7146 c -15.06177,0 -27.27126,12.20984 -27.27126,27.27127 0,0.69898 0.0601,1.52477 0.17216,2.45812 l 27.0991,-15.24116 27.0991,15.24116 c 0.11203,-0.93369 0.17217,-1.75914 0.17217,-2.45812 0,-15.06143 -12.20949,-27.27127 -27.27127,-27.27127 z"
     id="path36" /><path
     inkscape:connector-curvature="0"
     style="fill:#28c6af;stroke-width:0.34364861"
     d="m 751.72751,787.7146 v 0 c -15.06177,0 -27.27126,12.20984 -27.27126,27.27127 0,0.69898 0.0601,1.52477 0.17216,2.45812 l 27.0991,-15.24116 v 0 z"
     id="path38" /><path
     inkscape:connector-curvature="0"
     style="fill:#57e5d0;stroke-width:0.34364861"
     d="m 753.83098,882.99977 c 0.55294,-0.55293 0.86944,-1.31858 0.87218,-2.10107 0,-0.78523 -0.31718,-1.55088 -0.87218,-2.10622 -0.55293,-0.55293 -1.31823,-0.86977 -2.10381,-0.86977 -0.78558,0 -1.55089,0.31718 -2.10382,0.86977 -0.55533,0.55534 -0.87218,1.32099 -0.87218,2.10622 0.003,0.78249 0.31994,1.54848 0.87218,2.10107 0.55534,0.55534 1.32099,0.87218 2.10382,0.87493 0.78283,-0.003 1.54882,-0.31959 2.10381,-0.87493 z"
     id="path40" /><g
     id="g46"
     transform="matrix(0.3436486,0,0,0.3436486,663.75347,715.25561)"><path
       inkscape:connector-curvature="0"
       style="fill:#ffe477"
       d="m 222.01,256.69 c 1.609,-1.609 2.53,-3.837 2.538,-6.114 0,-2.285 -0.923,-4.513 -2.538,-6.129 -1.609,-1.609 -3.836,-2.531 -6.122,-2.531 -2.286,0 -4.513,0.923 -6.122,2.531 -1.616,1.616 -2.538,3.844 -2.538,6.129 0.008,2.277 0.931,4.506 2.538,6.114 1.616,1.616 3.844,2.538 6.122,2.546 2.277,-0.008 4.505,-0.929 6.122,-2.546 z"
       id="path42" /><path
       inkscape:connector-curvature="0"
       style="fill:#ffe477"
       d="m 302.233,256.69 c 1.609,-1.609 2.53,-3.837 2.538,-6.114 0,-2.285 -0.922,-4.513 -2.538,-6.129 -1.609,-1.609 -3.836,-2.531 -6.122,-2.531 -2.286,0 -4.513,0.923 -6.122,2.531 -1.616,1.616 -2.538,3.844 -2.538,6.129 0.008,2.277 0.931,4.506 2.538,6.114 1.616,1.616 3.844,2.538 6.122,2.546 2.277,-0.008 4.506,-0.929 6.122,-2.546 z"
       id="path44" /></g><path
     inkscape:connector-curvature="0"
     style="fill:#eebf00;stroke-width:0.34364861"
     d="m 739.83177,848.42288 c -1.1361,-0.89211 -1.33404,-2.53647 -0.44193,-3.67292 l 10.28025,-13.09026 c 0.89245,-1.1361 2.53716,-1.33404 3.67257,-0.44159 1.1361,0.89211 1.33404,2.53647 0.44193,3.67292 l -10.28025,13.09026 c -1.57631,1.63302 -3.19352,0.81788 -3.67257,0.44159 z"
     id="path48" /><path
     inkscape:connector-curvature="0"
     style="fill:#ffd422;stroke-width:0.34364861"
     d="m 759.95034,847.98163 -10.28025,-13.09026 c -0.89246,-1.1361 -0.69452,-2.78046 0.44193,-3.67291 1.13541,-0.89177 2.7808,-0.69486 3.67257,0.44158 l 10.28025,13.09027 c 0.89246,1.1361 0.69451,2.7808 -0.44193,3.67291 -0.47905,0.37595 -2.30485,1.27838 -3.67257,-0.44159 z"
     id="path50" /><path
     inkscape:connector-curvature="0"
     style="fill:#3e3d42;stroke-width:0.34364861"
     d="m 751.72751,871.72191 c -1.44504,0 -2.61551,-1.17115 -2.61551,-2.61585 v -85.04994 c 0,-1.4447 1.17081,-2.61551 2.61551,-2.61551 1.4447,0 2.61585,1.17116 2.61585,2.61551 v 85.04994 c -3.4e-4,1.4447 -1.17115,2.61585 -2.61585,2.61585 z"
     id="path52" /><g
     id="g54"
     transform="translate(0,904.00101)" /><g
     id="g56"
     transform="translate(0,904.00101)" /><g
     id="g58"
     transform="translate(0,904.00101)" /><g
     id="g60"
     transform="translate(0,904.00101)" /><g
     id="g62"
     transform="translate(0,904.00101)" /><g
     id="g64"
     transform="translate(0,904.00101)" /><g
     id="g66"
     transform="translate(0,904.00101)" /><g
     id="g68"
     transform="translate(0,904.00101)" /><g
     id="g70"
     transform="translate(0,904.00101)" /><g
     id="g72"
     transform="translate(0,904.00101)" /><g
     id="g74"
     transform="translate(0,904.00101)" /><g
     id="g76"
     transform="translate(0,904.00101)" /><g
     id="g78"
     transform="translate(0,904.00101)" /><g
     id="g80"
     transform="translate(0,904.00101)" /><g
     id="g82"
     transform="translate(0,904.00101)" /><circle
     id="circle1045"
     r="10.610838"
     cy="784.05511"
     cx="146.44057"
     style="fill:#ffe477;stroke-width:0.34364861" /><path
     id="path1047"
     d="m 146.10929,784.05612 c 0,-3.99491 2.20863,-7.47298 5.47089,-9.28298 -1.52306,-0.84503 -3.27498,-1.3282 -5.13996,-1.3282 -5.86024,0 -10.61083,4.7506 -10.61083,10.61084 0,5.86024 4.75059,10.61084 10.61083,10.61084 1.86498,0 3.6169,-0.48283 5.13996,-1.32821 -3.26157,-1.80931 -5.47089,-5.28737 -5.47089,-9.28229 z"
     style="fill:#ffd422;stroke-width:0.34364861"
     inkscape:connector-curvature="0" /><circle
     id="circle1049"
     r="5.3550763"
     cy="770.47101"
     cx="146.44057"
     style="fill:#57e5d0;stroke-width:0.34364861" /><path
     id="path1051"
     d="m 146.2251,770.47032 c 0,-2.02581 1.12545,-3.78873 2.78527,-4.69802 -0.76324,-0.41822 -1.63852,-0.65706 -2.57015,-0.65706 -2.95744,0 -5.35507,2.39764 -5.35507,5.35508 0,2.95744 2.39763,5.35507 5.35507,5.35507 0.93163,0 1.80691,-0.23849 2.57015,-0.65705 -1.65948,-0.90998 -2.78527,-2.67221 -2.78527,-4.69802 z"
     style="fill:#28c6af;stroke-width:0.34364861"
     inkscape:connector-curvature="0" /><path
     id="path1053"
     d="m 150.7049,818.78525 c 3.92275,-11.16824 -1.95089,-23.40213 -13.11913,-27.32453 -11.16823,-3.92241 -23.40178,1.95123 -27.32453,13.11947 -1.53576,4.37327 -2.57874,17.26078 -3.27909,31.32288 -0.0945,1.89523 1.69728,3.32515 3.52549,2.81689 l 7.03552,-1.95536 -10.36548,11.97684 c -0.49932,0.57733 -0.78695,1.30965 -0.81307,2.07255 -0.0918,2.67839 -0.1732,5.30696 -0.24468,7.83106 -0.10756,3.79388 2.25056,6.53791 5.20731,7.57642 2.9571,1.03851 6.51317,0.37183 8.80153,-2.65606 1.5227,-2.01447 3.10246,-4.11622 4.70592,-6.26403 0.45637,-0.61169 0.69039,-1.36291 0.66153,-2.12581 l -0.59967,-15.82811 4.26743,5.92554 c 1.10861,1.53989 3.40143,1.54435 4.51245,0.006 8.24722,-11.41188 15.49271,-22.121 17.02847,-26.49393 z"
     style="fill:#9a4c00;stroke-width:0.34364861"
     inkscape:connector-curvature="0" /><path
     id="path1055"
     d="m 110.26124,804.58019 c -1.53576,4.37327 -2.57874,17.26078 -3.27909,31.32288 -0.0945,1.89523 1.69728,3.32515 3.52549,2.81689 l 7.03552,-1.95536 -10.36548,11.97684 c -0.49932,0.57733 -0.78695,1.30965 -0.81307,2.07255 -0.0918,2.67839 -0.1732,5.30696 -0.24468,7.83106 -0.10756,3.79388 2.25056,6.53791 5.20731,7.57642 l 26.25819,-74.76041 c -11.16789,-3.92309 -23.4011,1.95089 -27.32419,13.11913 z"
     style="fill:#663a00;stroke-width:0.34364861"
     inkscape:connector-curvature="0" /><path
     id="path1057"
     d="m 142.17589,818.78525 c -3.92275,-11.16824 1.95089,-23.40213 13.11913,-27.32453 11.16823,-3.92241 23.40178,1.95123 27.32453,13.11947 1.53576,4.37327 2.57874,17.26078 3.27909,31.32288 0.0945,1.89523 -1.69728,3.32515 -3.52549,2.81689 l -7.03552,-1.95536 10.36548,11.97684 c 0.49932,0.57733 0.78695,1.30965 0.81307,2.07255 0.0918,2.67839 0.1732,5.30696 0.24468,7.83106 0.10756,3.79388 -2.25056,6.53791 -5.20731,7.57642 -2.9571,1.03851 -6.51317,0.37183 -8.80153,-2.65606 -1.52271,-2.01447 -3.10246,-4.11622 -4.70592,-6.26403 -0.45637,-0.61169 -0.69039,-1.36291 -0.66153,-2.12581 l 0.59967,-15.82811 -4.26743,5.92554 c -1.10861,1.53989 -3.40143,1.54435 -4.51245,0.006 -8.24722,-11.41188 -15.49271,-22.121 -17.02847,-26.49393 z"
     style="fill:#9a4c00;stroke-width:0.34364861"
     inkscape:connector-curvature="0" /><path
     id="path1059"
     d="m 182.61955,804.58019 c 1.53576,4.37327 2.57874,17.26078 3.27909,31.32288 0.0945,1.89523 -1.69728,3.32515 -3.52549,2.81689 l -7.03552,-1.95536 10.36548,11.97684 c 0.49932,0.57733 0.78695,1.30965 0.81307,2.07255 0.0918,2.67839 0.1732,5.30696 0.24468,7.83106 0.10756,3.79388 -2.25056,6.53791 -5.20731,7.57642 l -26.25819,-74.76041 c 11.16789,-3.92309 23.4011,1.95089 27.32419,13.11913 z"
     style="fill:#663a00;stroke-width:0.34364861"
     inkscape:connector-curvature="0" /><g
     id="g1065"
     transform="matrix(0.3436486,0,0,0.3436486,58.466525,715.25561)"><path
       id="path1061"
       d="m 335.358,290.21 c 0,-43.829 -35.53,-79.358 -79.358,-79.358 -43.829,0 -79.358,35.53 -79.358,79.358 0,8.462 2.96,23.156 7.736,41.354 1.182,4.505 6.397,6.579 10.353,4.122 l 61.271,-38.041 61.271,38.041 c 3.957,2.457 9.171,0.382 10.353,-4.122 4.772,-18.198 7.732,-32.891 7.732,-41.354 z"
       style="fill:#ff5c5c"
       inkscape:connector-curvature="0" /><path
       id="path1063"
       d="m 256,297.645 -52.651,67.712 c -4.193,5.393 -5.478,12.501 -3.411,19.013 12.781,40.275 28.312,84.411 39.785,116.196 5.502,15.243 27.054,15.243 32.556,0 11.472,-31.785 27.004,-75.922 39.785,-116.196 2.066,-6.511 0.782,-13.621 -3.411,-19.013 z"
       style="fill:#ff5c5c"
       inkscape:connector-curvature="0" /></g><g
     id="g1071"
     transform="matrix(0.3436486,0,0,0.3436486,58.466525,715.25561)"><path
       id="path1067"
       d="m 199.937,384.37 c 12.781,40.275 28.313,84.411 39.785,116.196 2.751,7.622 9.514,11.432 16.278,11.432 V 297.645 l -52.651,67.712 c -4.194,5.394 -5.479,12.502 -3.412,19.013 z"
       style="fill:#ff3333"
       inkscape:connector-curvature="0" /><path
       id="path1069"
       d="m 176.641,290.21 c 0,8.462 2.96,23.156 7.736,41.354 1.182,4.505 6.397,6.579 10.353,4.122 l 61.271,-38.041 v -86.794 c -43.831,0.001 -79.36,35.531 -79.36,79.359 z"
       style="fill:#ff3333"
       inkscape:connector-curvature="0" /></g><path
     id="path1073"
     d="m 164.53401,840.81038 -18.09344,-23.26914 -18.09345,23.26914 c -1.44091,1.85329 -1.8825,4.29595 -1.17218,6.53413 1.94952,6.14306 4.08495,12.54695 6.20217,18.72541 l 13.0638,-18.4309 13.06346,18.4309 c 2.11722,-6.17846 4.25265,-12.58235 6.20217,-18.72541 0.70998,-2.23818 0.26839,-4.68084 -1.17253,-6.53413 z"
     style="fill:#ffe477;stroke-width:0.34364861"
     inkscape:connector-curvature="0" /><path
     id="path1075"
     d="m 146.44057,817.5409 -18.09345,23.26913 c -1.44091,1.8533 -1.8825,4.29595 -1.17218,6.53379 1.94952,6.14306 4.08495,12.54696 6.20217,18.72541 l 13.06346,-18.43056 z"
     style="fill:#ffd422;stroke-width:0.34364861"
     inkscape:connector-curvature="0" /><path
     id="path1077"
     d="m 146.44057,787.7146 c -15.06178,0 -27.27127,12.20984 -27.27127,27.27127 0,0.69898 0.0601,1.52477 0.17217,2.45812 l 27.0991,-15.24116 27.09909,15.24116 c 0.11203,-0.93369 0.17217,-1.75914 0.17217,-2.45812 0,-15.06143 -12.20949,-27.27127 -27.27126,-27.27127 z"
     style="fill:#57e5d0;stroke-width:0.34364861"
     inkscape:connector-curvature="0" /><path
     id="path1079"
     d="m 146.44057,787.7146 v 0 c -15.06178,0 -27.27127,12.20984 -27.27127,27.27127 0,0.69898 0.0601,1.52477 0.17217,2.45812 l 27.0991,-15.24116 v 0 z"
     style="fill:#28c6af;stroke-width:0.34364861"
     inkscape:connector-curvature="0" /><path
     id="path1081"
     d="m 148.54404,882.99977 c 0.55293,-0.55293 0.86943,-1.31858 0.87218,-2.10107 0,-0.78523 -0.31719,-1.55088 -0.87218,-2.10622 -0.55293,-0.55293 -1.31824,-0.86977 -2.10382,-0.86977 -0.78558,0 -1.55088,0.31718 -2.10381,0.86977 -0.55534,0.55534 -0.87218,1.32099 -0.87218,2.10622 0.003,0.78249 0.31993,1.54848 0.87218,2.10107 0.55533,0.55534 1.32098,0.87218 2.10381,0.87493 0.78283,-0.003 1.54883,-0.31959 2.10382,-0.87493 z"
     style="fill:#57e5d0;stroke-width:0.34364861"
     inkscape:connector-curvature="0" /><g
     id="g1087"
     transform="matrix(0.3436486,0,0,0.3436486,58.466525,715.25561)"><path
       id="path1083"
       d="m 222.01,256.69 c 1.609,-1.609 2.53,-3.837 2.538,-6.114 0,-2.285 -0.923,-4.513 -2.538,-6.129 -1.609,-1.609 -3.836,-2.531 -6.122,-2.531 -2.286,0 -4.513,0.923 -6.122,2.531 -1.616,1.616 -2.538,3.844 -2.538,6.129 0.008,2.277 0.931,4.506 2.538,6.114 1.616,1.616 3.844,2.538 6.122,2.546 2.277,-0.008 4.505,-0.929 6.122,-2.546 z"
       style="fill:#ffe477"
       inkscape:connector-curvature="0" /><path
       id="path1085"
       d="m 302.233,256.69 c 1.609,-1.609 2.53,-3.837 2.538,-6.114 0,-2.285 -0.922,-4.513 -2.538,-6.129 -1.609,-1.609 -3.836,-2.531 -6.122,-2.531 -2.286,0 -4.513,0.923 -6.122,2.531 -1.616,1.616 -2.538,3.844 -2.538,6.129 0.008,2.277 0.931,4.506 2.538,6.114 1.616,1.616 3.844,2.538 6.122,2.546 2.277,-0.008 4.506,-0.929 6.122,-2.546 z"
       style="fill:#ffe477"
       inkscape:connector-curvature="0" /></g><path
     id="path1089"
     d="m 134.54483,848.42288 c -1.13611,-0.89211 -1.33405,-2.53647 -0.44194,-3.67292 l 10.28025,-13.09026 c 0.89246,-1.1361 2.53716,-1.33404 3.67258,-0.44159 1.1361,0.89211 1.33404,2.53647 0.44193,3.67292 l -10.28025,13.09026 c -1.57632,1.63302 -3.19353,0.81788 -3.67257,0.44159 z"
     style="fill:#eebf00;stroke-width:0.34364861"
     inkscape:connector-curvature="0" /><path
     id="path1091"
     d="m 154.66339,847.98163 -10.28025,-13.09026 c -0.89245,-1.1361 -0.69451,-2.78046 0.44193,-3.67291 1.13542,-0.89177 2.78081,-0.69486 3.67258,0.44158 l 10.28024,13.09027 c 0.89246,1.1361 0.69452,2.7808 -0.44193,3.67291 -0.47904,0.37595 -2.30485,1.27838 -3.67257,-0.44159 z"
     style="fill:#ffd422;stroke-width:0.34364861"
     inkscape:connector-curvature="0" /><path
     id="path1093"
     d="m 146.44057,871.72191 c -1.44505,0 -2.61551,-1.17115 -2.61551,-2.61585 v -85.04994 c 0,-1.4447 1.17081,-2.61551 2.61551,-2.61551 1.4447,0 2.61585,1.17116 2.61585,2.61551 v 85.04994 c -3.4e-4,1.4447 -1.17115,2.61585 -2.61585,2.61585 z"
     style="fill:#3e3d42;stroke-width:0.34364861"
     inkscape:connector-curvature="0" /></svg>